274.66
617.82
654.26
751.95
849.96
574.14
606.99
854.55
647.64
597.34
680.35
760.33
601.79
636.61
606.75
505.69
743.65
823.12
750.82
497.71
665.72
481.56
760.38
858.83
654.95
477.02
377.1
825.28
594.87
560.02
718.04
731.16
153.88
1142.59
645.32
746.81
728.21
484.58
668.23
416.76
1002.99
548.11
502.35
604.12
622.35
611.89
642.36
691.99
553.01
992.41
700.67
763.63
919.73
1028.17
864.22
763.76
454.33
617.21
1033.83
1056.55
658.25
1199.8
608.48
653.17
834.22
752.89
650.92
638.73
353.89
577.2
515.62
629.66
677.32
825.58
935.22
564.25
737.24
855.58
608.23
824.13
544.3
722.35
780.57
1013.89
895.11
1320.07
811.12
1028.17
866.84
945.22
645.16
770.98
566.64
426.69
572.84
688.82
554.21
556.54
683.4
729
696.49
937.35
703.92
762.97
496.86
473.88
507.06
596.84
794.84
503.76
1106.44
707.17
605.74
375.22
589.34
512.71
739.5
345.93
784
806.44
503.12
763.56
509.53
494.54
771.58
790.74
625.35
639.09
633.66
683.2
410.02
915.4
601.03
600.47
619.16
531.48
762.48
807.61
418.34
763.67
766.82
1050
947.86
762.33
818.16
803.4
843.52
492.11
474.53
641.72
749.63
722.72
707.04
651.18
782.13
430.06
481.92
897.1
756.9
955.47
537.48
509.3
757.16
698.94
666.88
408.81
676.33
784.66
816.46
546.47
650.73
485.37
559.62
642.17
832.46
635.63
636.96
779.93
467.73
887.14
577.85
491.55
862.57
567.63
773.32
781.53
705.99
469.4
901.83
582.53
703.88
717.62
598.75
457.33
800.86
777.73
382.93
765.26
1128.2
840.76
556.84
655.09
875.65
777.23
774.84
768.71
421.72
1001.93
740.66
812.6
620.77
894.68
775.69
906.21
809.93
1101.31
1004.07
688.07
767.94
838.04
761.62
940.41
529.24
720.66
900.21
921.03
597.79
704.46
742.1
521.53
350.31
921.01
768.1
786.13
916.09
612.28
547.98
663.9
718.99
1016.27
781.96
847.31
803.37
687.72
387.58
668.04
735.75
695.34
926.65
792.51
909.36
711.52
504.67
480.64
383.54
553.55
585.47
585.96
708.75
320.31
756.13
628.04
582.85
1091.83
980.16
973.18
532.76
996.29
740.25
673.06
1058.23
564.6
516.69
727.45
712.33
816.08
983.16
771.86
388.11
657.24
613.26
580.08
825.63
479.72
796.12
809.56
586.66
567.31
1093.93
732.88
687.75
636.03
429.67
537.84
582.33
467.58
400.56
1017.1
521.86
598.5
580.92
877.47
624.42
954.8
690.96
829.67
772.93
746.27
433.78
436.87
641.66
476.61
724.52
1033.86
572.75
642.77
435.96
851.22
406.15
662.09
895.19
878.21
543.29
674.89
457.77
585.09
879.04
774.33
733.94
930.42
741.37
639.92
862.2
557.28
858.82
373.27
644.87
424.56
674.41
338.18
759.45
873.86
624.43
426.55
668.99
805.77
608.39
794.24
432.16
773.5
732.13
627.23
845.2
604.11
876.85
532.49
840.89
628.59
938.01
771.1
674.14
623.42
632.78
802.08
859.17
564.76
880.84
684.49
640.4
649.54
700.74
696.47
463.13
630.84
835.11
933.56
577.81
596.47
524.01
851.79
742.42
516.58
811.43
971.5
711.03
550.18
577.88
448.12
1068.95
770.41
549.73
519.51
859.07
672.13
627.75
661.03
651.6
538.12
434.83
820.68
677.64
553.41
882.6
556.4
798.58
645.02
852.41
628.93
347.33
788.45
807.28
597.95
934.27
793.63
695.85
841.74
666.63
754.37
970.08
574.43
887.79
429
745.45
810.86
718.04
755.83
679.18
477.16
386.2
812.08
589.51
585.08
681.33
420.91
605.9
630.69
568.83
498.81
676.15
737.93
704.12
712.59
913.47
471.59
523.39
773.45
835.38
249.54
729.92
983.43
677.5
442.78
820.25
751.24
739.5
688.29
545.02
1055.84
263.25
1051.84
748.26
648.56
637.9
620.3
555.29
475.68
799.58
714.65
424.03
1002.41
758.61
619.75
585.75
655.1
693.99
734.78
744.99
766.12
768.5
723.1
415.13
841.02
732.34
648.56
733.72
665.69
816.99
665.42
982.83
625.6
338.64
438.33
968.86
590.35
693.35
856.71
823.53
796.42
732.16
589.58
1025.41
684.16
505.66
892.9
823.57
838.02
850.64
871.78
762.51
540.35
382.78
724.24
819.77
726.92
936.97
898.34
680.6
800.49
711.38
870.91
697.19
504.69
923.15
610.57
815.12
826.75
805.81
725.65
966.4
994.33
612.14
181.7
481.89
615.27
997.25
897.03
831.85
664.89
596.5
708.95
862.37
556.1
456.13
1122.91
511.03
490.15
766.89
794.62
517.25
845.73
826.63
930.37
613.58
477.73
666.63
1159.47
432.91
624.29
666.84
927.42
501.44
844.83
626.39
875.1
781.87
640.01
1040.93
849.55
698.59
849.71
776.84
858.3
741.43
794.1
673.03
519.25
928.59
603.17
684.18
197.56
882.73
551.05
434.96
534.31
610.82
699.58
780.09
764.55
847.25
934.49
486.56
876.73
938.48
956.51
667.19
618.63
732.74
890.73
556.59
683.47
693.05
469.55
495.94
634.17
909.97
959.91
411.66
636.1
617.44
562.11
755.92
698.09
903.61
492.76
547.53
694.08
775.36
907.51
459.81
459.29
698.73
544.89
664.4
664.35
740.17
914.38
403.56
733.28
1044.28
674.96
680.08
441.19
611.41
829.9
605.62
690.86
279.05
604.73
845.97
830.89
630.73
373.57
754.13
607.78
621.89
721.33
645.07
471.35
805.82
1009.19
489.39
335.01
250.34
633.1
602.64
948.61
886.72
651.66
470.6
674.23
690.23
521.37
619.44
741.76
636.03
904.19
602.99
759.11
977.74
337.24
632.51
522.31
814.76
869.75
593.89
782.98
454.66
548.85
852.11
666.66
505.66
999.45
664.08
716.9
920.76
667.94
788.89
463.74
546.55
728.06
586.48
645.05
201.47
419.55
910.55
613.49
746.97
612.13
893.32
576.58
688.34
810
615.89
826.86
645.53
684.06
485.4
388.34
462.71
653.88
802.7
638.83
837.53
296.93
563.7
412.1
269.92
459.38
758.28
945.98
629.37
841.19
878.23
548.7
702.82
557.12
528.19
636.33
939.58
700.83
384.06
617.77
388.99
886.47
529.09
958.75
948.5
820.24
573.71
774.75
620.08
625.92
955.95
673.7
337.44
791.17
1013.65
692.86
689.77
652.74
1070.64
896.59
798.93
586
639.8
680.14
813.07
289.79
642.21
971.29
708.2
493.51
691.3
1051.43
739.59
681.23
788.2
595.09
1009.51
642.22
651.39
774.84
921.08
873.64
701.96
644.35
819.55
633.29
637.85
555.82
348.75
545.94
327.69
931.55
656.25
708.01
863.61
697.43
916.53
590.83
581.9
955.23
622.39
672.74
734.96
564.99
841.19
533.02
893.95
766.6
477.95
653.68
504.42
640.96
472.62
497.53
757.52
800.09
651.83
726.4
431.91
789.51
537.76
314.8
691.5
529.57
577.27
551.44
794.16
570.96
752.63
895.37
843.28
362.93
716.87
743.27
803.3
356.1
726.46
509.15
999.21
374.6
556.29
772.59
659.15
443.22
1023.27
294.84
430.09
854.84
758.81
659.2
708.79
1001.94
848.15
600.26
353
743.78
834.22
649.12
829.82
854.23
867.58
955.45
671.72
824.79
802.76
412.28
700.26
487.06
626.28
323.44
593.62
659.32
540.98
355.11
1015.57
811.16
660.56
665.48
688.2
498.28
1148.43
607.8
694.65
577.49
653.7
660.15
698.89
592.2
1000.67
585.08
821.65
752.49
898.45
511.96
723.17
780
923.25
741.51
403.93
835.48
510.74
773.34
826.05
434.24
834.74
732.03
789.85
614.36
718.62
721.52
875.14
253.39
892.37
592.03
686.4
674.69
695.46
862.35
528.1
853.78
957.97
610.81
920.26
607.75
476.09
746.66
527.96
809.59
735.58
471.2
374.51
800.88
803.21
976.27
507.97
740.14
733.07
883.24
874.01
254.91
475.68
693.13
682.66
624.52
783.44
750.79
690.24
625.5
649.62
955.83
501.62
1031.45
923.78
669.34
825.56
903.54
813.48
673.74
690.2
488.09
354.25
689.13
811.01
659.71
752.21
460.49
583.77
679.7
320.7
907.32
551.46
707.68
719.38
577.81
880.11
520.76
616.24
722.73
502.71
1045.17
890.7
678.28
521.35
714.93
418.02
846.11
720.43
758.64
596.09
633.63
463.79
613.68
741.43
774.53
403.17
780.26
581.07
913.79
925.24
810.24
875.99
600.79
900.38
620.4
848.53
422.9
587.07
766.8
682.54
894.32
713.52
548.1
422.68
492.33
658.59
610.38
567.37
508.93
458.06
922.16
724.07
774.52
631.1
599.94
1134.54
517.96
662.58
701.93
716.91
928.84
799.78
553.64
1089.57
318.43
756.92
550.07
488.33
600.52
616.02
651.72
371.94
1002.92
708.36
859.37
883.44
742.3
577.59
297.76
747.36
785.76
662.66
963.17
700.52
642.97
1071.7
799
856.36
503.63
613.92
608.71
538.4
435.75
827.06
711.74
518.15
583.66
650.63
643.07
762.35
752.41
1030.76
209.32
604.56
390.1
451.37
511.84
654.13
875.65
817.87
934.01
784.23
730.96
963.61
546.67
810.76
670.7
656.84
691.39
546.94
728.77
931.13
793.21
735.27
550.09
508.02
698.12
787.77
526.31
666.75
1188.94
621.49
611.59
1059.65
859.63
482.72
523.95
698.35
570
857.9
997.66
864.54
693.73
649.39
560.66
371.41
611.24
789.66
697.17
612.26
522.72
562.14
634.07
242.79
678.06
570.58
621.51
353.28
690.66
480.73
721.3
649.86
635.13
683.16
693.59
709.01
670.26
765.84
574.54
917.16
474.38
973.85
566.24
748.49
611.7
713.2
630.15
820.36
460.27
811.84
697.9
768.64
913.89
910.79
436.92
542.22
740.52
844.89
777.23
927.38
317.96
604.13
783.55
662.48
624.43
789.28
588.38
599.15
460.42
859.54
757.68
178.8
843.9
415.12
695.64
795.69
480.81
989.41
729.39
1051.05
654.3
679.36
898.17
454.17
589.92
768.08
696.95
890.98
773.65
955.92
827.72
741.35
736.89
759.02
414.03
506.21
650.65
920.5
781.41
578.42
539.08
679.14
917.63
723.27
476.18
729.74
1054.67
568.9
881.43
862.32
718.44
546.9
978.71
820.59
737.29
722.38
779.24
651.58
678.88
907.8
701.27
680.31
874.93
781.94
685.13
458.48
727.67
731.68
720.88
573.36
711.16
470.01
898.75
610.1
1033.39
520.85
339.89
745.13
603.06
419.52
635.84
799.48
520.9
685.01
279.35
845.43
659.06
591.45
621.36
668.61
699.13
675.54
577.36
625.96
919.71
686.24
888.08
674.29
468.49
844.47
1088.28
608.78
745.78
532.78
789.56
560.93
878.39
425.61
781.06
740.49
774.95
938.13
944.7
549.49
663.09
816.2
501.06
643.24
603
349.33
845.28
546.18
749.69
623.1
790.33
695.87
1039.08
571.38
936.63
857.59
636.65
926.24
767.87
747.32
688.39
760.24
797.61
689.76
618.07
870.29
914.91
1131.12
580.89
955.35
829.72
378.56
942.79
675.38
1096.96
857.42
606.2
951.23
675.05
763.98
733.84
895.69
649.89
822.22
531.46
950.32
801.22
685.08
592.93
714.13
935.09
726.48
513.08
729.49
492.42
499.66
637.32
720.74
777.54
812.84
742
363.64
1004.11
669.22
438.4
840.94
503.92
548.91
668.02
312.86
614.91
873.39
882.9
540.26
557.73
679.16
502.68
801.3
449.84
602.46
699.96
317.7
818.13
367.26
555.31
887.13
587.31
564.25
855.36
536.66
780.24
772.57
457.71
699.66
576.25
493.13
521.85
848.29
508.59
400.08
704.99
708.75
512.81
641.79
646.65
681.73
849.24
457.16
915.07
610.83
960.12
703.06
621.97
617.75
523.3
637.38
433.8
552.06
588.25
514.69
586.95
729.28
776.43
279.5
841.53
738.18
878.52
470.76
1000.48
770.54
964.71
555.89
856.55
634.6
771.49
542.07
437.13
554.64
456.28
1051.42
809.6
761.68
811.6
511.52
379.9
769.27
719.04
917.37
837.5
910.9
525.28
526.91
849.76
744.09
760.62
822.01
646.1
599.42
593.02
766.6
650.4
467.69
596.85
948.69
955.85
644.23
850.91
907.93
635.24
837.58
846.41
502.06
852.54
886.54
457.71
734.77
1044.04
402.96
742.62
469.98
615.92
978.24
840.53
877.49
761.7
752.8
780.8
895.54
573.48
810.11
791.54
1034.68
851.5
664.01
760.21
379.34
591.16
612.96
692.58
750.72
882.05
555.69
602.36
678.12
386.42
764.45
616.92
921.14
716.78
622.73
376.95
503.41
808.49
987.2
484.42
151.45
831.27
784.96
844.52
756.82
769.87
674.67
1008.32
683.54
626.47
866.58
643.98
692.28
689.17
793.97
725.84
625.02
419.91
718.64
868.69
655.92
850.8
645.17
472.21
831.67
714.96
564.36
721.08
883.87
343.48
574.54
895.32
498.4
1000.16
543.4
888.65
636.89
359.63
603
656.29
997.9
659.78
634.19
608.57
497.51
840.22
587.9
587.6
699.78
613.08
647.05
858.16
746.43
768.89
655.76
681.43
626.65
696.04
729.38
728.09
556.14
666.23
991.66
1068.9
585.36
863.69
599.79
361.67
1161.93
940.85
784.26
771.02
857.81
545.18
529.24
419.89
550.79
574.89
598.26
678.43
564.53
672.53
381.43
658.52
404.11
807.26
537.79
689.85
750.76
327.08
613.49
618.3
874.44
892.3
836.12
685.71
857.27
700.78
658.26
547.28
593.06
1000.23
700.02
971.07
753.97
630.57
733.21
528.19
644.18
692.5
590.51
750.27
776.78
920.93
623.25
850.95
777.68
459.11
673.7
626.9
661.75
630.9
857.05
899.88
906.72
673.05
673.2
380.72
516.52
722.12
1014.62
492.56
856.33
804.91
424.98
796.14
443.71
591.2
480.46
656.28
395.39
405.85
794.22
879.29
677.3
710.14
837.44
609.42
717.99
444.51
559.11
782.12
792.33
762.73
541.14
909.93
724.35
493
711.98
582.81
412.14
580.88
780.32
1027.21
763.85
1089.56
865.59
794.82
889.01
614.54
413.88
801.4
352.78
632.57
749.87
818.69
613.94
658.94
504.62
771.28
703.42
813.74
837.36
549.11
666.14
622.94
525.71
417.83
469.06
609.83
775.34
844.98
622.3
810.27
826.06
520.76
706.33
696.94
1013.99
761
484.62
797.01
646.45
693.58
793.87
585.16
628.63
663.85
559.63
528.93
753.24
527.67
345.92
808.54
602.06
753.6
251.49
616.05
422.69
745.31
847.29
783.68
721.17
958.26
749.84
856.25
504.52
668.3
326.47
850.29
622.59
816.25
1254.43
651.63
860.24
666.82
324.86
564.85
532.18
832.17
848.05
383.92
877.65
858.64
602.43
638.21
532.48
875.85
585.01
728.64
838.02
485.02
776.99
782.13
808.88
786.12
676.32
560.18
586.5
969.44
759.55
511.28
754.22
708.8
469.4
941.45
768.58
503.98
1108.37
788.24
833.37
1030.49
765.9
518.13
461.51
422.99
872.15
488.81
782.19
527.66
534.72
966.26
656.69
471.02
697.76
883.23
725.19
694.47
617.67
543.23
647.37
615.64
781.5
881.07
553.59
969.47
653.87
955.46
830.98
818.39
705.7
718.36
552.02
954.76
625.11
567.25
767.22
574.08
456.11
681.83
852.6
750.67
196.2
854.55
677.56
772.29
784.27
909.83
513.32
733.41
659.37
978.56
735.01
780.07
899.39
681.93
927.57
683.54
718.2
1156.73
695.8
611.2
398.02
676.56
617.54
723.04
605.79
714.88
626.01
703.91
1064.26
607.85
843.5
827.71
560.3
493.9
688.04
1015.46
986.73
578.87
437.26
780.07
718.27
834.58
817.42
846.66
693.1
524.36
861.36
688.04
755.24
198.94
501.14
364.29
910.59
787.02
575.26
698.01
471.63
528.01
737.88
412.22
531.35
629.11
633.39
346.07
776.95
815.28
918.43
778.51
630.9
626.08
527.5
937.13
478.35
385.7
721.98
626.15
469.29
938.2
558.37
565.28
580.29
842.12
602.17
376.43
717.37
620.39
723.88
840.4
542.48
936.06
638.37
898.2
703.95
600.99
503.79
982.45
852.22
978.3
567.57
723.29
404.44
735.2
704.07
486.14
715.19
858.29
540.44
533.87
567.42
914.22
720.78
584.91
710.46
867.82
988.55
839.32
642.45
666.05
679.21
774.1
845.28
774.84
711.5
569.91
774.54
618.81
752.06
752.41
814.85
644.08
659.12
859.63
641.68
659.06
706.01
906.09
658.53
940.55
779.82
568.63
798.49
458.91
649.16
405.14
1182.44
819.13
884.58
572.66
588.11
1087.89
395.15
696.38
854.91
716.05
582.3
730.23
546.85
696.54
446.66
894.17
861.74
512.6
779.8
891.25
548.86
735.14
510.03
760.91
685.34
640.72
654.17
764.97
700.92
1139.23
712.33
512.59
729.95
772.06
484.45
936.24
728.64
450.76
746.16
741.63
359.93
427.57
734.71
799.96
605.25
846.47
994.13
739.02
818.35
896.18
546.82
770.22
661.38
664.66
926.16
639.53
531.66
719.6
568.04
727.07
889.02
815.12
951.58
753.83
662.07
629.51
637.12
686.25
587.86
561.46
387.13
935.44
481.19
992.27
370.28
672.64
627.5
228.51
814.38
941.29
923.36
949.96
711.28
777.33
637.69
724.04
412.42
785.02
573.18
716.04
326.96
753.51
475.37
675.28
976.26
534.5
558.01
869.45
792.73
429.83
767.11
635.31
783.43
631.08
848
509.52
761.46
831.2
1172.5
602.24
376.28
565.23
625.85
587.59
928.74
800.36
424.27
808.48
675.22
753.62
831.39
635.93
522.89
922.41
1003.5
659.88
730.03
785.34
540.55
704.89
894.95
700.95
788.3
401.81
871.04
887.04
573.05
445.76
806.97
604.81
800.3
809.94
759.01
818.58
702.62
1043.77
491.25
493.47
787.83
762.25
504.88
826.7
558.15
792.79
604.25
1168.64
505.98
848.98
585.59
794.68
886.69
931.21
792.45
980.74
423.6
307.13
850.3
744.69
710.97
350.64
677.32
565.67
599.69
960.86
817.66
688.14
676.45
725.78
972.01
425.66
455.18
808.86
752.35
616.03
706.89
669.36
835.48
808.26
383.96
595.15
935.23
570.4
663.07
962.85
976.55
645.73
754.06
730.04
952.92
671
476.48
731.63
744.14
612.82
733.29
833.99
449.49
774.73
798.56
913.85
793.56
522.94
791.65
767.81
900.62
984.31
730.67
952.62
928.65
773.1
782.1
646.42
651.66
756.51
329.79
796.75
621.44
778.32
420.6
439.24
106.11
676.88
581.21
746.17
861.89
524.13
548.49
1016.54
703.67
284.73
854.21
642.02
828.86
836.34
744.07
599.59
548.68
447.82
631.54
658.17
987.24
725.4
718.88
921.47
617.75
663.62
602.88
791.52
484.01
1175.56
681.77
852.47
662.34
608.92
499.5
367.91
664.3
695.49
568.87
253.44
844.64
414.98
517.76
836.57
872.57
586.8
1004.22
597.99
775.13
614.14
942.29
539.33
935.37
621.81
776.28
565.65
838.78
484.79
647.57
390.41
708.82
521.66
537.05
726.69
545.37
849.88
592.09
778.89
792.78
639.92
791.6
848.4
532.7
776.02
523.04
607.63
558.8
608.61
751.67
409.95
926.9
620.83
525.96
553.69
440.02
886.06
619.71
594.16
551.87
808.29
834.38
569.52
752.37
673.94
752.17
999.14
505.31
596.94
786.25
1074.52
627.98
711.28
610.9
619.14
805.31
807.84
622.26
715.2
834.44
729.6
650.82
570.81
593.56
684.13
609.65
880.63
636.67
594.04
827.01
551.23
503.49
663.62
912.16
726.54
731.99
595.35
953.64
636.3
744.63
847.63
623.64
701.08
273.7
776.44
499.98
613.59
1033.5
766.5
600.32
741.42
719.32
891.42
496.68
762.32
767.69
232.62
722
486.89
954.93
729.67
865.04
830.73
484.04
610.73
890.44
532.14
664.27
761.62
713.46
772.19
509.53
641.69
663.22
881.56
620.27
536.47
895
935.66
957.91
900.24
1344.23
634.68
730.75
617.77
629.32
750.45
841.9
654.66
589.31
636.61
661.62
1018.51
795.45
991.69
590.93
735.91
790.89
717.49
759.13
538.65
703.2
619.82
557.56
588.1
813.43
968.85
772.75
532.67
772.95
662.28
579.14
588.65
840.11
635.25
716.46
836.34
896.64
701.01
662.02
405.3
478.53
373.92
534.38
783.75
556.72
762.07
803.22
748.89
719.11
642.6
781.74
522.33
664.2
1110.73
526.69
613.52
838.83
763.92
633.02
694.65
754.45
1041.65
608.35
950.54
536.54
395.79
897.62
603.89
601.81
504.42
1161.01
651.76
525.21
638.23
937.83
446.51
492.78
310.76
757.8
915
789.19
554.95
566.13
643.07
909.3
518.84
606.92
477.46
517.18
658.31
839.12
642.4
531.26
998.75
627.19
508.1
554.68
712.12
509.65
782.26
809.45
923.03
839.96
734.27
439.94
658
966.6
516.15
598.32
900.09
564.75
704.38
898.03
776.43
923.15
858.25
685.99
782.08
819.45
575.63
527.67
678.19
370.36
767.31
689.57
452.37
479.52
816.4
878.36
869.18
656.93
665.22
767.27
783.9
758.64
482.67
781.08
755.06
623.03
713.22
669.86
726.6
651.59
649.8
737.06
414.6
445.64
346.46
824.35
697.87
695.7
753.06
561.43
818.93
602.39
447.29
799.07
946.89
1082.57
905.92
667.82
730.04
710.44
473.22
821.1
594.06
685.64
457.15
734.4
945.63
584.47
890.11
847.11
303.05
845.19
686.4
868.41
589.25
887.72
798.81
910.85
429.17
652.67
616.64
643.04
529.76
566.07
611.83
597.81
583.44
1076.7
585.83
702.88
644.73
1085.64
842.33
731.33
502.76
765.97
813.83
414.89
531.01
590.31
754.2
888.29
695.89
780.99
886.3
962.99
475.68
935.61
337.17
673.3
519.76
498.32
626.69
554.11
552.9
883.69
797.28
767.2
699.33
805.69
652.74
880.1
945.77
981.13
626.53
570.99
555.23
873.87
691.23
857.61
464.33
672.8
715.82
849.92
717.24
684.38
790.09
862.86
678.53
902.72
1057.53
780.6
520.14
692.12
705.54
735.58
778.89
870.43
638.27
432.51
727.38
353.71
821.87
1045.4
705.05
490.21
829.66
753
1045.37
680.15
836.69
649.19
506.97
521.5
663.19
579.12
571.23
943.61
550.1
703.14
845.55
874.93
768.48
547.72
524.48
690.67
1052.98
504.13
774.61
594.72
499.81
815
817.55
535.1
650.97
476.73
609.16
580.04
809.72
798.9
862.62
909.87
401.28
811.47
1095.13
828.26
808.51
764.1
594.64
1081.12
538.89
940.65
508.68
609.49
720.16
358.86
760.36
754.64
712.78
848.21
750.71
616.24
809.81
612.8
763.56
693.96
555.55
677.59
667.58
824.1
713.24
665.41
428.85
603.69
674.09
734.14
627.85
476.46
553.03
650.62
1045.11
710.92
585.96
811.75
566.68
530.58
802.64
690.06
733.91
815.37
619.52
571.92
905.38
760.25
744.72
840.03
359.98
759.58
820.73
707.87
744.95
927.94
757.26
609.75
459.57
526.95
1120.97
609.37
644.53
722.99
797.86
569.87
1032.25
688.26
291.63
532.9
509.11
571.93
811.11
1131.34
972.61
576.28
823.4
759.31
712.79
978.62
512.3
463.77
557.97
838.49
784.99
806.13
566.1
502.66
848.98
826.37
711.41
1052.78
754.59
680.69
658.3
780.16
386.06
636.51
783.5
940.33
765.99
675.1
547.53
839.37
851.46
451.82
648.74
509.22
690.85
796.68
425.82
1017.78
379.4
615.3
958.8
726.67
456.17
865.67
636.34
948.71
534.4
812.65
850.04
643.84
680.56
834.1
511.62
752.56
820.91
516.44
772.03
671.09
878.88
804.62
736.45
942.42
512.84
766.81
982.46
371.63
748.6
264.34
621.61
623.53
701.92
488.03
807.24
572.15
594.52
777.73
638.58
325.32
828.11
588.42
747.85
1014.56
585.24
1103.82
477.57
862.66
627.93
801.66
599.6
838.46
556.65
765.95
429.02
731.91
751.72
861.09
907.81
689.61
488.03
815.9
753.58
384.7
645.22
762.75
434.43
696.22
532.65
1024.86
644.75
818.32
551.28
649.23
832.78
579.39
256.55
579.93
741.34
713.05
832.71
376.71
447.38
720.59
626.9
587.47
1114.1
671.61
930.93
790.85
1092.35
941.29
709.07
919.86
630.53
670.46
620.67
581.74
954.34
636.63
778.03
787.14
872.7
332
694.66
788.98
768.99
597.64
993.55
815.82
637.73
716.9
947.35
875.11
751.7
564.25
527.01
788.14
875.46
705.66
532.29
517.23
786.3
736.32
678.1
759.47
460.96
463.39
488.06
527.45
861.01
575.19
771.69
363.08
811.14
816.73
816.68
655.32
713.83
514.57
653.34
792.05
544.2
624.86
731.82
628.07
588.14
750.38
647.88
575.79
565.41
670.17
387.71
647.13
1069.6
936.22
995.16
694.35
626.2
763.94
639.11
567.91
600.43
611.32
551.76
868.76
664.67
765.25
589.68
351.82
918.89
962.57
586.26
850.49
507.56
758.53
679.99
729.49
654.42
823.99
574.91
466.12
593.13
510.39
620.89
544.03
890.59
744.18
407.7
577.64
753.01
901.67
514.86
723.58
707.89
696.59
640.28
694.51
670.63
877.58
444.74
490.53
346.55
776.54
491.53
801.61
445.85
760.56
785.13
336.81
889.03
602.28
742.35
742.35
501.89
961.4
677.88
680.22
766.5
857.51
865.63
594.85
689.31
640.87
979.79
502.29
440.66
543.11
449.21
944.13
668.41
707.46
961.53
968.9
1060.02
628.9
682.62
475.74
761.46
698.73
695.31
756.49
768.77
775.27
732.36
622.56
359.75
556.58
377.45
898.76
644.93
758.07
910.22
588.96
605.5
678.78
691.41
759.02
325.27
585.38
878.36
769.03
975.44
504.53
630.78
680.08
676.84
453.15
665.39
881.82
916.72
718.89
778.54
481.37
800.66
763.88
1035.43
522.51
636.96
345.88
642.88
612.05
507.58
854.54
709.44
465.29
687.67
915.81
435.11
771.12
884.26
1037.16
697.13
328.28
973.04
291.6
652.77
355.77
744.28
633.15
436.64
536.39
716.21
922.27
753.24
702.4
526.94
595.28
815.41
797.89
212.48
885.39
525.97
808.47
854.68
325.11
523.87
628.01
558.08
650.08
1031.41
1088.83
1160.68
1005.15
681.35
374.64
634.61
755.97
846.74
638.85
624.94
625.09
970.7
688.17
691.14
971.33
855.16
575.35
565.71
1157.99
528.8
454.2
911.26
717.32
393.48
361.31
941.59
610.95
716.73
950.69
649.27
495.93
602.55
798.72
722.14
602.32
964.96
975.79
633.08
649.47
764.23
618.09
592.43
576.11
843.73
683.29
761.54
862.42
493.68
795.96
545.41
240.39
681.49
553.81
920.79
779.22
652.71
454.31
739.42
525.2
661.43
560.24
329.92
682.12
1126.45
465.84
1091.1
930.94
540.47
873.2
802.98
499.55
736.31
910.25
799.48
589.08
818.44
1011.05
878.16
709.23
800.48
671.91
685.3
798.36
494.85
1023.85
553.7
383.75
500.87
459.66
526.63
595.96
674.66
753.4
763.65
453.84
794.72
642.5
256.02
775.17
715.41
962.96
432.3
753.52
739.33
600.93
751.42
678.69
683.45
716.62
807.98
836.18
1115.67
754.55
668.12
576.58
621.42
721.92
543.87
702.53
669.78
707.87
640.29
640.83
605
687.91
576.33
940.36
567.18
659.69
484.53
716.25
858.23
527.71
402.32
638.5
864.3
777.35
1039.58
298.39
862.8
545.42
694.4
843.27
718.08
719.25
710.47
481.49
421.58
514.95
753.74
638.47
397.71
452.18
1000.37
646.8
548.93
969.78
624.93
785.04
735.69
288.61
905.41
942.34
704.83
892.83
706.05
559.43
640.11
1046.81
753.84
734.23
334.25
698.6
775.16
677.65
699.49
612.61
172.46
389.55
973.59
734.14
588.28
853.8
530.72
646.8
945.66
723.33
458.92
475.65
859.47
861.74
531.74
892.24
814.55
659.63
596.21
986.46
875.6
639.16
477.65
970.85
597.46
771.8
761.64
699.95
752.04
829.99
448.4
562.26
495.01
843.19
843.09
772.61
779.77
803.5
519.75
624.08
760.07
850.73
444.07
698.17
782.36
900.9
674.16
539.31
673.25
775.25
758.46
762.17
540.03
728.95
588.36
658.73
803.86
558.65
654.96
1025.12
796.48
714.29
593.3
673.45
780.21
633.69
724.9
675.41
688.05
497.55
665.38
282.83
512.12
584.76
446.49
619.73
482.71
779.77
998.66
710.34
789.62
645.59
714.07
567.29
694.56
908.49
489.09
494.77
559.41
843.2
672.18
837.48
288.35
687.27
579.08
516.16
651.89
430.66
769.04
865.17
642.46
733.27
698.31
716.89
912.25
678.42
1040.81
355.64
982.6
724.58
772.26
1021.63
421.64
870.3
611
700.77
532.91
815.34
672.54
544.11
663.98
685.52
614.34
906
677.77
606.97
614.12
565.22
699.92
850.64
755.75
537.11
696.21
802.91
303.39
617.91
616.62
798.73
575.63
854.34
776.1
1055.95
697.03
784.13
682.31
551.71
372.29
690.97
726.14
717.69
590.02
1098.29
737.65
742.53
899.24
631.39
587.05
854.83
447.8
881.48
875.32
517.39
477.91
1006.8
805.51
485.86
684.69
454.08
767.93
992.12
681.11
648.3
403.11
748.29
661.08
658.22
1026.95
680.69
664.82
600.73
281.12
784.48
851.74
891.92
534.13
599.88
777.78
674.92
241.47
524.88
648.98
688.45
796.36
731.1
335.43
919.57
406.87
872.75
763.21
627.34
892.18
643.35
950.72
904.09
813.69
887.94
932.9
773.6
774.92
661.98
986.44
950.39
726.51
1062.18
499.75
675.96
928.8
698.9
533.31
752.74
606.53
852.61
587.92
826.74
726.22
484.8
604.32
837.27
694.48
253
476.29
650.38
770
928.16
908.45
764.48
860.55
923.01
1039.8
674.9
467.33
621.07
763.09
1014.46
983.96
667.11
1031.86
601.16
668.82
536.67
799.64
937.88
556.18
900.54
760.24
580.96
653.52
672.83
828.66
681.41
802.86
806.32
490.45
583.25
456.7
783.98
689.08
697.55
810.87
521.5
614.22
799.53
484.65
663.16
316.25
657.67
545.75
1040.82
965.72
822.17
618.05
652.1
710.22
331.12
764.27
419.29
828.28
774.32
631.02
523.85
565.65
392.81
895.25
301.41
580.92
641.48
591.27
908.12
561.07
827.97
546.31
608.64
709.83
682.54
962.83
856.76
679.01
813.18
412.19
475.66
722.69
594.65
539.87
866.45
865.4
573.4
460.48
592.01
720.6
765.04
626.84
770.98
561.48
868.3
536.7
993.78
740.3
960.89
673.8
870.01
770.04
719.75
649.3
723.23
776.12
650.76
551.78
641.5
805.89
981.67
766.06
484
439.05
656.76
753.28
497.44
931.82
440.47
796.25
733.64
759.89
493.67
770.98
786.85
787.44
705.23
727.03
596.54
448.15
800.08
881.35
536.58
614.88
525.68
564.14
315.51
657.77
659.46
631.95
556.06
666.73
479.15
604.93
739.68
753.78
903.22
606.55
853.18
873.4
653.88
726.28
522.05
649.01
877.7
578.54
419.7
624.23
615.65
808.37
887.04
647.23
732.17
888.3
728.72
717.88
584.59
863.52
544.31
612.81
538.22
300.21
745.98
436.05
704.44
740.01
845.94
461.42
674.37
680.25
654.32
711.94
774.13
898.04
656.14
749
606.09
560.79
685.69
615.9
791.79
763.77
715.37
724.31
536.56
923.71
853.47
951.14
660.62
790.13
546.95
765.2
848.31
671.63
675.76
604.96
906.55
649.85
499.3
538.6
709.01
877.41
1009.1
737.03
581.28
870.67
1215.95
615.84
624.92
570.82
873.4
711.23
802.72
750.87
712.29
811.53
786.53
916.06
797.66
701.13
580.95
673.8
509.39
687.17
662.84
531.02
565.9
500.67
1010.36
636.13
624.22
709.32
1019.96
615.77
551.38
697.67
563.25
534.63
618.42
708.99
892.5
470.77
489.59
756.24
683.61
823.14
755.18
522.26
874.38
1185.7
788.27
915.87
757.67
456.6
439.84
556.94
776.36
891.36
924.3
988.99
339.18
626.08
796.92
476.07
691.01
399.04
780.7
668.56
421.57
417.1
698.1
843.56
514.25
723.44
930.76
514.36
632.89
535.92
847.41
690.42
1039
618.37
651.48
874.9
812.45
340.75
641.12
466.13
885.19
685.74
873.41
594.07
900.55
559.4
938.36
526.38
619.54
446.24
870.73
681.22
629.41
471.3
498.03
682.37
706.92
692.14
719.19
754.42
881.76
545.09
858.76
658.16
948.69
531.25
449.64
899.17
602.85
625.28
612.79
690.95
782.24
743.3
654.83
1000.49
826.26
759.84
469.94
857.41
697.55
510.11
863.4
563.2
919.6
995.85
862.68
765.5
869.63
304.34
820.34
502.75
486.06
626.36
828.09
714.7
665.77
626.06
870.98
655.17
686.64
600.47
727.66
619.7
773.71
456.93
631.46
738.57
896.94
1026.43
349.84
642.92
832.1
972.92
744.81
565.04
456.78
897.13
829.51
652.4
749.79
945.55
871.24
742.23
832.16
854.12
909.13
509.58
743.19
755.28
710.84
663.57
666.72
448.38
703.49
613.33
908.13
555.17
757.8
674.09
785.96
546.03
523.69
902.51
683.25
486.43
616.02
804.61
549.76
595.29
1017.68
924.58
772.54
546.28
896.84
662.91
751.56
744.61
317.64
579.63
708.49
445.94
671.65
631.11
663.62
359.33
492.88
826.07
543.59
588.5
819.96
509.89
743.41
1250.2
606.25
363.14
761.77
507.03
877.5
852.5
670.19
753.66
602.91
582.19
593.62
790.22
658.92
742.93
432.92
729.98
680.24
963.35
709.22
852.06
1028.9
1159.16
758.95
402.06
352.48
553
734.62
698.35
1015.58
548.86
1018.43
622.78
821.31
466.23
747.79
779.09
270.41
552.11
720.16
921.77
787.16
445.26
759.63
537.14
466.63
866.2
1014.11
886.29
1016.03
753.15
829.8
979.64
624.04
599.6
520.64
820.93
673.27
683.46
325.12
824.86
763.88
813.05
682.36
290.53
492.01
607.75
739.56
731.46
887.63
528.91
310.61
960.65
651.93
618.09
740.14
541.51
617.17
952.55
449.17
962.73
422.91
1012.47
882.94
852.16
498.81
401.4
724.89
476.21
681.04
694.52
607.7
597.23
602.6
414.36
707.73
643.82
808.25
852.1
653.54
688.41
655.99
755.13
414.96
723.16
805.67
414.26
442.29
604.4
702.83
470.29
705.23
702.47
759.32
545.72
684.34
812.11
934.81
505.58
319.14
642.82
403.67
805.85
1077.66
422.69
491.88
846.98
662.26
913.26
591.59
697.95
398.61
813.76
844.16
1050.05
628.07
685.26
384.23
434.36
1007.72
908.48
612.25
623.22
951.23
655.53
670.43
867.04
684.86
435.31
774.54
552.72
836.69
690.61
198.9
784.94
489.18
951.98
1153.58
599.86
705.54
837.45
432.22
772.53
669.75
828.33
684.92
622.58
839.36
490.86
569.25
562.75
620.27
489.51
769.08
614.35
555.94
815.24
645.58
902.82
814.51
582.37
602.61
712.66
773.59
553.31
599.3
832.57
653.38
671.16
698.64
513.21
818.4
937.23
617.78
936.86
698.16
920.69
872.8
658.35
793.74
423.01
762.96
629.94
573.59
984.29
461.4
1076.38
743.15
790.71
601.77
699.69
753.81
575.63
702.65
304.03
653.61
380.71
448.14
415.65
848.87
861.18
925.62
617.69
620.59
1049.85
974.36
636.85
623.62
615.97
421.82
588.26
523.76
837.89
585.4
859.2
493.31
528.4
796.17
581.16
681.96
466.82
817.78
672.61
897.74
440.28
546.53
695.37
570.83
867.51
692.55
820.22
578.48
757.34
742.12
517.38
820.16
319.49
530.78
871.1
649.65
531.87
814.35
370.79
866.16
993.82
946.27
459.57
446.79
858.45
709.14
891.43
691.82
653.98
851.72
849.07
571.15
606.16
528.01
379.91
594.67
618.05
726.17
783.15
277.2
611.48
838.43
1022.24
512.61
862.33
746.99
548.98
716.84
924.74
627.42
788.65
660.44
726.43
804.9
955.34
635.92
710.51
563.55
858.77
575.28
955.1
872.63
631.91
399.11
600.34
718.33
928.71
841.88
772
909.21
361.17
684.04
649.8
615.18
580.67
1141.4
837.39
824.97
286.92
557.81
476.75
645.8
499.24
678.31
906.77
643.92
581.09
685.73
393.6
559.91
882.86
624.12
638.22
708.47
547.07
771.06
506.87
764.37
586.91
632.94
651.78
864.32
582.97
670.79
950.92
519.13
1027.61
415.6
1061.16
679.16
603.11
944.54
670.07
434.98
601.49
944.55
601.52
837.46
935.43
974.09
711.42
726.09
896.48
657.02
667.16
521.15
868
505.91
611.57
757.22
664.2
540.81
919.92
549.45
568.08
643.74
536.95
927.8
542.03
522.31
715.66
481.29
958.67
657.23
733.57
485.63
567.19
575.61
685.53
683.94
847.62
428.11
606.5
793.91
842.53
515.15
798.93
530.61
632.15
1011.25
768.3
753.97
686.91
543.88
553.19
331.97
803.28
677.49
853.81
659.22
895.55
721.03
861.44
711.99
1198.72
791.82
804.88
629.53
803.77
686.54
586.58
916.9
617.04
715.99
617.41
305.39
838.21
726.02
803.16
579.33
749.09
869.95
694.49
731.29
742.46
561.38
1014.81
710.73
790.56
598.97
659.07
770.09
395.48
719.41
439.69
545.24
728.77
773.26
983.58
524.39
767.69
610.79
794.2
791.78
461.91
520.29
770.58
701.48
732.38
748.73
782.05
821.84
508.29
611.22
585.78
753.9
742.24
822.9
826.75
776.2
584.03
668.27
699.67
690.94
535.48
601.87
920.53
727.13
510.4
909.85
550.43
587.48
608.85
896.53
755.31
894.55
1181.69
712.28
829.92
611.88
703.98
991.06
843.87
234.4
629.22
556.51
551.12
597.62
785.69
281.11
786.63
585.52
828.15
796.66
395.93
599.59
867.76
808.67
457.65
768.2
807.64
799.12
909.66
776.11
814.17
585.7
702.66
585.01
749.61
614.37
623.5
804.01
606.44
569.09
514.31
826.48
323.08
561.85
476.11
908.43
1012.49
684.26
578.85
826.55
760.67
665.16
616.46
466.89
994.86
847.54
848.5
422.27
704.12
821.86
522.04
483.88
578.92
686.53
679.21
725.95
734.11
684.45
812.23
627.52
715.78
449.67
569.98
728.09
737.45
560.06
683.78
756.02
582.95
358.18
391.72
772.69
798.92
735
497.58
440.86
730.46
671.88
595.24
680.1
813
651.36
1027.52
623.49
731.82
817.01
915.66
659.32
682.59
728.15
707.87
724.59
280.54
353.5
751.69
564.88
647.06
707.12
1086.63
643.69
687.71
605.75
750.45
902.19
841.85
701.72
1040.66
549.34
359.06
682.15
750.83
745.33
739.73
398.61
752.64
577.34
1010.29
924.32
567.74
558.92
544.5
721.95
738.64
717.8
728.04
319.91
712.49
519.39
855.53
618.39
446.06
417.07
806.87
593.58
754.29
497.99
782.97
671.02
675.89
382.45
502.62
576.75
817.14
785.81
901.11
517.14
864.83
416.11
820.45
558.98
566.61
802.32
654.27
783.95
432.61
509.7
492.97
779.07
722.24
780.42
598.48
699.64
553.82
318.65
774.63
912.91
561
789.87
871.92
711.34
767.3
589.03
1056.6
566.12
741.4
606.59
891.28
704.01
518.51
700.97
738.64
700.64
660.22
667.51
695.41
866.09
863.62
405.16
718.85
440.48
842.35
743.69
673.85
694.68
886.05
548.12
609.37
738.59
845.24
545.23
785.11
735.87
667.82
716.74
737.04
813.38
624.24
609.25
485.29
614.13
722.85
825.01
612.8
721.08
614.24
568.63
708.34
608.18
1042.21
947.34
389.07
898.51
668.7
477.62
721.98
593.6
713.63
462.19
815.91
986.74
578.41
482.68
864.81
640.73
1078.07
756.43
631.11
447.57
655.63
375.34
697.3
551.38
741.54
897.83
799.82
885.38
822.22
670.01
776.54
382.29
743.04
785.43
1128.03
762.23
622.54
877.9
872.44
740.62
963.71
851.5
566.71
311.01
983.99
808.29
617.79
737.94
709.22
582.3
558.98
672.66
649.2
837.78
925.17
554.38
807.19
731.75
537.42
437.2
809.23
501.3
778.6
715.35
672.8
1035.26
816.73
891.02
726.03
601.52
814.68
694.1
850.27
770.21
1080.11
883.31
937.99
644.06
524.11
420.53
986.3
530.94
627.53
657.36
576.11
884.62
533.78
746.51
970.54
510.78
617.52
365.35
806.67
658.77
675.47
581.02
746.12
652.99
898.98
811.81
790.32
614.7
519.73
388.78
691.31
334.66
915.99
778.03
825.09
795.79
610.92
757.13
413.39
746.52
818.62
646.55
800.13
876.96
699.76
815.52
583.76
709.67
817.73
602.24
607.99
847.83
709.21
1060.09
645.79
951.65
860.33
423.87
719.22
759.77
696.63
1085.47
456.85
665.04
676.49
754.92
474.06
765.53
587.79
919.68
606.51
836.61
632.35
666.84
624.71
840.04
488.33
840.8
623.46
475.84
937.21
981.53
691.68
729.12
684.91
779.33
452.3
890.15
756.68
406.34
866.19
631.99
700.61
608.59
439.32
806.25
551.42
1053.49
988.87
733
568.64
423.93
703.67
754.07
873.03
529.6
749.83
443.51
605.98
710.75
642.81
788.43
391.24
620.36
626.15
980.8
555.38
396.84
772.71
857.84
951.49
964.27
719.76
824.14
929.79
898.03
691.03
615.54
490.84
1095.77
902.34
916.72
619.73
954.13
988.99
799.97
123.08
462.69
751.27
692.6
740.38
805.27
531.23
1046.73
720.45
768.63
607.05
671.36
746.73
957.78
747.36
559.59
490.18
888.51
625.32
829.9
811.4
727.9
725.87
702.75
785.74
579.56
702.63
1023.94
453.73
299.6
1112.78
921.48
688.94
892.32
965.08
941.44
804.11
538.75
838.69
579.58
530.48
799.13
435.88
521.66
906.36
420.52
969.19
601.09
550.52
750.18
833.6
684.83
500.73
565.34
706.85
598.51
563.68
547.88
1073.4
652.48
608.04
710.9
964.78
674.88
952.35
820.81
642.48
511.34
658.45
872.78
737.05
812.2
453.49
1075.86
1088.46
925.42
552.66
811.06
455.25
713.62
839.16
525.23
754.41
756.59
538.95
568.13
705.11
961.12
572.91
358.74
830.87
494.64
460.86
502.82
631.68
728.26
605.99
501.98
409.84
843.97
816.27
950.18
808.62
502.44
827.42
526.06
641.42
806.45
619.74
1011.24
841.96
500.56
881.14
706.36
602.74
749.87
819.02
731.2
566.12
348.36
476.14
672.92
695.19
275.45
723.63
533.79
1149.23
705.44
297.21
654.5
690.21
388.94
1066.61
666.18
615.95
420.94
469.42
726.53
718.73
598.59
594.94
930.26
668.06
412.44
763.08
391.35
815.88
613.49
781.09
950.08
838.63
646.71
331.82
1027.62
351.22
965.83
600.97
537.61
930.71
761.94
258.70
763.85
640.58
655.55
728.75
435.50
744.96
716.50
483.69
