728.02
1080.64
925.04
1440.19
675.23
943.17
1202.31
363.63
1116.74
1522.79
1280.76
645.81
1068.56
1053.13
964.07
1168.61
1431.63
1237.96
814.53
1238.60
936.97
669.93
865.53
1630.96
570.30
772.69
1171.35
1696.34
1188.63
973.57
758.73
658.26
1211.78
1021.75
1324.29
837.83
1224.40
691.90
622.03
1285.96
830.33
635.34
1067.31
870.50
1370.84
1103.57
883.11
536.56
1108.36
496.36
656.43
1171.32
840.46
757.36
764.85
1392.91
1095.50
794.11
1076.46
823.00
956.23
858.92
1048.40
1116.45
1501.57
1712.02
1330.59
654.62
778.23
825.65
1222.78
632.59
1462.70
1677.98
1004.76
1339.14
693.16
511.05
1215.14
561.57
998.14
1378.60
924.80
1380.83
1382.44
1327.20
656.78
1079.21
1128.44
1083.60
674.85
980.41
1192.03
926.53
839.15
1483.49
966.15
941.93
854.32
929.89
934.33
1740.23
1105.44
1124.53
972.03
798.99
1435.39
798.69
925.80
675.96
463.26
1140.88
995.08
469.79
981.52
1316.34
1139.10
1321.45
393.89
844.42
830.60
1169.95
1369.45
1148.81
1154.83
1283.19
1218.45
387.50
482.82
619.06
513.62
1080.04
768.16
1356.17
913.98
1372.08
950.09
1081.30
589.02
1275.65
828.56
1383.09
1181.42
630.89
1200.25
1110.36
434.84
1244.76
1277.89
1030.18
850.52
1312.96
1334.62
1177.57
1442.77
1065.71
950.33
1216.80
730.98
578.05
1058.96
748.34
1429.07
878.31
1170.92
959.49
1520.17
1028.10
579.82
1056.56
1621.32
675.08
870.40
534.74
992.91
1119.64
1626.00
1258.91
1007.98
924.88
599.24
1114.51
753.50
918.24
1243.03
806.76
226.95
1392.56
839.08
1254.42
787.90
956.11
1347.26
568.28
1017.47
981.29
706.83
1417.94
1109.24
412.87
1006.61
1175.64
1277.10
861.80
1277.36
800.94
1286.25
1156.36
1039.71
980.08
1081.18
946.30
991.00
1384.97
1381.64
1149.64
777.37
1105.05
739.22
1581.80
804.40
655.10
696.21
1250.72
1426.33
964.92
1136.39
899.73
946.92
1283.88
1066.05
934.46
782.67
1042.97
762.26
893.37
1340.13
1777.56
804.44
1095.80
1072.37
654.68
1355.44
1019.05
1304.51
1282.16
1104.36
1169.46
765.88
930.04
562.68
626.78
883.22
766.48
1291.65
1113.26
1296.64
558.89
1087.48
1039.24
1063.07
1262.97
1376.02
1247.08
1033.56
1330.70
977.77
540.24
932.43
1047.70
609.98
720.50
841.52
1475.48
632.35
888.82
1410.39
1412.75
889.23
925.47
1307.57
942.03
1473.84
1589.55
799.68
842.12
1074.56
1128.08
1681.92
1215.59
673.33
743.60
273.93
1030.47
643.47
421.86
1260.36
1234.64
1034.64
1149.35
757.98
893.77
891.09
862.40
774.87
1773.99
1040.84
230.93
1390.16
1505.59
683.59
1705.77
771.83
596.29
1041.26
597.72
1004.29
879.72
1453.81
753.02
1142.51
988.39
1235.18
1106.55
1458.52
947.85
1107.77
723.45
1960.65
1390.75
910.24
332.11
1177.56
1275.58
1207.88
1043.14
1146.59
1132.34
882.28
1369.06
1047.51
1800.90
1077.97
747.99
673.13
875.35
877.65
1013.73
1006.60
1108.68
1376.06
881.84
1146.16
1070.77
992.90
943.23
812.63
362.55
939.31
744.92
712.05
471.79
973.04
994.35
790.88
689.82
1273.67
1426.83
1067.58
1002.94
1366.50
1322.81
988.10
1078.88
806.26
1056.81
1237.12
1238.57
1471.92
734.58
1064.33
944.86
473.22
1122.79
1264.57
1158.42
679.24
1276.75
969.38
1065.50
1370.99
1369.28
959.07
928.27
460.35
441.86
1255.65
1127.91
978.98
934.73
1496.92
631.38
987.77
1129.65
1141.48
573.52
870.60
500.94
1066.91
589.97
826.99
1012.06
1088.36
561.97
1102.96
295.48
1347.30
1350.35
1482.29
971.75
1139.70
1023.24
671.36
1318.05
1007.12
913.39
843.68
859.40
1247.17
636.50
949.21
1084.66
1257.77
1068.89
991.73
1149.33
1223.80
963.22
892.68
1072.82
559.51
889.01
1829.99
873.33
911.16
1667.90
809.59
1109.46
1608.81
1903.15
1132.23
1182.54
1204.45
173.94
1172.45
1058.70
1108.97
1002.00
1220.04
1096.07
689.74
1357.39
1463.16
750.68
1212.37
997.87
375.77
1315.83
815.10
1029.93
1291.65
1149.41
581.33
1192.72
1019.20
947.92
441.69
1660.89
1275.24
780.49
1064.23
954.81
1264.99
1063.63
1164.09
696.83
797.29
1446.55
683.22
1168.63
797.08
1220.13
742.29
1248.54
1225.50
1175.67
1129.54
1295.62
1357.56
611.70
1499.16
1008.80
1241.69
1189.36
1397.96
1240.77
651.25
1209.25
1233.94
1065.28
951.85
1011.50
726.41
1151.92
835.64
1078.03
981.41
1320.44
763.70
583.34
1180.85
890.42
1566.11
865.06
567.82
581.51
961.38
969.38
1041.13
1004.50
1479.56
718.99
1322.70
1745.45
905.87
657.20
984.17
948.08
1153.88
1187.69
1056.15
1149.82
1057.15
864.91
400.39
1081.58
1616.64
1054.84
940.62
948.71
1147.66
997.44
1435.94
787.65
933.73
955.28
1183.42
1374.81
724.95
76.68
1315.37
461.12
1391.73
977.49
911.07
931.48
752.47
1223.59
1334.81
741.27
-8.74
841.69
1186.37
648.12
969.26
1218.95
1208.58
1052.71
704.86
1490.54
949.36
1135.22
1417.74
1282.33
1005.59
1042.88
1657.24
798.04
1576.05
884.73
492.34
1281.54
1288.04
1052.48
980.27
689.73
786.08
1187.30
517.40
710.81
1471.03
983.13
728.79
204.06
555.46
510.16
1345.78
755.89
1320.71
773.07
859.33
845.88
600.54
615.66
1050.73
384.96
815.01
1566.43
498.56
1164.14
929.99
756.52
1370.18
1275.40
967.80
1127.94
884.39
1053.51
1165.88
969.64
1052.32
1369.23
736.21
692.31
1112.01
1393.54
1067.27
951.42
1689.37
1375.13
1194.83
643.15
1407.15
1242.39
435.02
1114.58
850.11
1068.51
1176.26
762.14
734.35
926.03
751.67
757.38
1029.16
1074.78
690.20
1044.90
1233.22
718.52
1612.80
659.01
1161.87
1158.34
1348.79
640.44
1728.33
1235.80
1083.71
781.25
1153.77
746.37
1064.27
1032.07
1232.92
986.73
832.98
930.36
780.93
606.54
722.55
636.26
889.39
1136.18
893.58
879.19
1626.72
757.99
1008.82
776.47
968.43
662.84
1278.80
878.71
992.11
1431.49
1017.19
797.51
1426.00
838.46
1031.86
1052.01
1385.51
803.98
1013.77
714.00
1523.39
1036.04
837.28
1210.60
428.22
882.86
861.44
996.98
1130.25
1334.95
1222.66
667.57
819.80
1057.68
1105.67
766.41
661.27
1147.64
848.68
1322.62
950.45
1088.11
658.07
1050.68
958.87
458.39
859.53
1286.06
1076.95
898.79
1018.08
1153.06
994.22
1245.11
1313.28
1271.13
1120.86
1322.50
831.14
657.67
937.05
1116.70
1142.69
302.27
740.92
1232.30
896.63
2000.05
557.37
1587.38
1073.70
1157.62
1081.78
1068.03
1057.14
788.43
931.01
1213.16
372.86
1235.02
1411.65
844.02
921.24
665.65
1251.45
958.09
912.85
732.39
1255.94
989.89
1392.22
788.86
1594.73
1213.43
940.18
718.84
912.16
1056.26
918.29
818.70
1251.04
1597.74
1109.90
844.24
970.92
703.20
1352.14
161.11
1308.77
878.73
1439.78
952.06
866.13
1106.30
1127.57
1003.90
1073.52
575.05
623.99
1118.02
1481.94
975.07
864.04
1191.28
820.04
1081.18
1064.80
775.70
1314.97
1481.83
1141.50
669.81
858.43
1001.59
854.93
796.72
706.61
768.80
892.25
1097.88
995.59
1036.40
944.25
671.18
1218.20
1019.74
1535.98
888.15
1181.74
1056.72
1187.01
1165.26
1103.49
1160.65
1213.24
949.71
1196.70
1525.50
1083.31
1294.56
1221.57
917.74
1279.93
653.36
1216.48
616.96
1352.52
654.43
946.70
1308.25
1262.33
916.87
526.68
1541.84
1152.39
1194.48
673.93
1087.33
643.40
713.49
480.90
1238.35
790.28
1492.35
1089.78
1212.51
1171.63
1066.71
1473.63
1352.77
761.65
943.72
650.92
787.13
497.38
650.16
996.83
875.85
1066.69
885.73
1115.99
742.14
1112.87
877.13
878.16
1025.15
1178.38
1308.57
1033.69
843.92
845.65
926.23
743.08
742.98
765.21
1171.13
863.07
1064.88
1002.65
489.45
922.85
1448.75
586.02
1527.71
1069.41
1378.95
1485.97
848.69
989.45
989.87
1126.92
758.64
1310.05
1093.59
862.40
1129.47
1253.87
940.65
790.99
1994.31
1177.00
1361.37
1369.75
1096.73
1266.17
738.62
677.23
1716.92
1555.44
1327.06
1243.76
1029.61
846.87
1523.15
860.68
1103.69
984.83
978.98
850.54
1002.55
1244.26
904.40
1332.09
960.84
886.00
735.23
1446.00
684.60
657.07
906.58
1123.66
934.05
746.87
1057.36
706.68
599.76
791.24
592.17
1216.32
483.21
1122.73
997.04
1084.24
821.72
705.98
1158.27
1388.94
1514.13
1004.48
853.16
551.04
728.34
659.94
792.65
1186.89
1177.40
809.18
1167.29
969.34
676.65
947.42
1020.68
850.51
1256.42
816.53
810.07
1328.80
1220.15
1542.09
907.39
590.23
1182.53
969.33
665.53
1364.21
544.37
1332.18
1083.23
158.18
922.08
1212.01
968.79
1464.33
1129.11
1037.87
707.33
1438.09
966.43
703.64
1295.30
1158.36
1258.54
1055.14
1370.22
1043.54
606.36
1172.26
415.55
1105.69
967.72
1025.62
1109.97
1368.49
1026.67
1093.25
784.52
789.44
797.41
646.72
1124.74
1449.59
1177.34
284.96
330.80
984.65
430.96
1235.39
725.08
683.17
1125.41
855.58
369.20
786.86
1118.99
350.16
728.87
754.68
457.49
1286.52
864.40
750.79
1226.41
1134.49
1210.38
1248.37
601.20
1349.48
482.98
735.30
953.87
1414.16
1084.56
716.39
449.84
851.66
861.54
644.50
483.70
1027.41
921.46
1391.26
578.22
924.04
1136.84
840.31
886.85
757.75
978.45
707.92
943.87
751.42
1391.76
1343.57
1068.74
371.15
1114.63
812.54
1235.18
1094.78
470.19
713.66
1042.22
809.33
898.86
1272.11
1014.88
1507.13
661.20
988.57
1475.12
962.63
1225.85
1021.77
806.41
494.25
788.05
953.21
778.68
1054.02
1356.10
781.31
259.52
600.96
840.33
881.42
980.20
548.63
1325.51
750.94
621.59
1407.52
1067.43
1200.36
1012.06
1354.22
748.27
782.89
1084.98
1261.60
748.45
1855.61
1237.99
1759.15
1318.02
915.84
880.46
598.57
1315.05
1069.36
1144.61
1193.25
1040.93
1205.52
1033.55
1352.66
1149.89
1287.47
856.33
1008.15
1078.25
1501.72
1072.55
904.43
411.25
1118.34
551.93
1081.06
928.88
720.84
925.30
73.25
664.14
851.39
685.50
816.97
1149.06
645.28
910.90
770.62
663.92
1407.88
366.88
1033.89
1174.22
1289.28
999.95
1346.24
1434.56
722.47
993.28
767.99
1070.29
603.48
1078.50
1023.99
1522.88
993.34
1035.82
1239.67
1119.01
439.47
1274.18
558.08
750.84
1120.37
736.74
1249.83
769.58
1032.43
1267.30
1227.12
1286.15
239.51
910.32
969.54
977.73
1119.51
704.33
1016.71
1453.74
1039.83
1223.93
1455.87
1035.36
1145.15
1384.58
895.30
468.47
1186.60
493.32
1708.20
1076.23
1013.70
626.82
824.92
1076.69
1107.33
880.03
1179.68
1090.21
1059.58
1008.02
1358.58
1015.68
1017.65
971.95
1154.65
1126.58
1124.07
732.72
1293.28
1053.21
1412.48
980.71
615.91
1108.07
1080.77
908.37
644.67
638.27
1359.30
1081.52
1072.81
1035.53
990.49
414.16
829.64
1036.21
1529.27
458.20
1717.74
1433.68
843.88
1151.78
1101.35
763.52
1421.96
669.95
1211.69
711.64
839.94
643.86
1413.59
791.25
1508.29
1218.46
981.57
1438.58
1252.33
1400.66
1170.53
765.47
1187.62
1081.01
966.50
898.87
531.49
1080.03
1184.84
569.42
723.25
1198.43
1134.73
1017.40
1040.75
897.10
896.89
1249.42
1113.25
625.91
720.19
1143.81
942.61
1140.62
1252.40
1132.73
907.73
1123.10
977.08
1344.12
1250.33
280.10
1295.05
1419.23
931.64
994.59
1738.55
888.15
959.69
990.44
499.63
996.00
658.46
1072.79
704.18
1146.30
1745.91
971.92
976.26
1214.62
1053.79
923.16
1129.95
786.52
1007.74
916.58
1351.76
985.37
1166.27
1071.52
600.05
976.07
1041.54
1210.81
790.55
1227.72
1002.41
1350.06
1000.60
1035.79
1329.85
841.88
1546.90
1113.05
1382.39
1085.49
742.31
930.03
1236.03
1173.56
1157.00
964.58
575.32
1173.83
1401.99
825.21
1157.27
1159.94
1116.59
903.29
693.46
1057.33
1209.36
866.07
1106.93
1466.56
794.43
958.97
613.21
715.21
1575.42
713.36
681.15
1290.34
822.92
838.37
1042.71
1033.01
1359.02
172.74
425.94
1134.25
966.18
924.90
1092.13
1021.65
759.85
524.57
1003.59
1275.26
829.92
1401.79
1128.01
1043.76
1317.69
1158.24
776.90
602.54
1143.03
723.26
559.80
1127.06
907.52
786.42
1419.48
1127.37
687.28
1101.20
1314.68
1589.03
1288.43
953.80
638.02
888.54
1170.76
732.20
1331.05
919.07
642.85
1433.68
1011.53
983.31
1558.88
933.28
1099.90
943.68
713.94
930.29
998.55
1207.78
947.61
1000.78
1002.20
1232.79
636.74
940.26
1617.33
919.63
292.30
1107.83
1384.22
954.43
1051.32
1026.39
778.62
1218.16
1296.91
1400.26
1239.08
1381.71
924.92
1334.79
923.75
813.57
1003.19
979.56
1232.90
1363.42
654.99
1300.69
1598.27
1012.02
438.51
1435.70
601.86
858.93
1351.56
587.57
1499.00
1465.63
1196.06
1096.16
774.25
1212.40
983.82
1249.43
1098.44
1035.76
510.27
974.12
950.03
859.88
1147.87
1192.77
540.07
596.54
529.06
747.11
1097.19
1296.63
868.42
310.84
1031.59
619.74
1146.13
355.47
1232.89
826.06
1460.51
879.27
974.01
1146.78
833.41
1048.35
1302.21
948.25
677.50
1008.37
619.16
569.09
1110.64
1330.33
1009.69
984.86
1137.29
1680.29
971.56
1446.68
1299.90
777.66
1191.30
584.93
1325.19
841.04
514.36
1251.87
1460.22
803.13
1060.28
796.50
664.48
543.97
998.60
562.21
1285.16
896.59
539.67
1320.93
918.61
777.93
568.44
1332.74
899.90
611.87
747.81
1542.99
886.26
1220.02
1158.23
993.64
1103.34
937.22
895.09
840.22
672.23
1016.14
1231.66
1206.79
883.57
1335.51
1018.62
1001.63
799.51
1145.49
1112.88
799.17
1054.74
878.12
470.79
724.73
1304.57
1145.97
1084.25
718.71
790.47
727.36
704.14
1091.92
1332.61
714.01
1016.91
1204.72
1032.93
1259.36
1147.88
1222.41
444.18
474.77
1171.51
957.44
1369.70
546.68
616.46
870.07
1668.88
579.55
1331.04
1168.32
952.19
414.39
1593.57
933.21
1104.34
1049.05
484.20
1173.95
839.15
1450.51
1484.89
634.55
683.56
1284.87
896.40
1112.30
1014.66
878.92
732.63
1187.19
1022.01
1091.24
953.27
740.41
628.02
1018.43
873.57
645.53
761.68
1071.73
954.17
824.35
920.89
1162.88
939.26
1524.53
408.66
1073.03
1183.72
1188.24
552.27
865.71
786.63
1398.97
707.75
1106.10
1167.96
317.49
856.20
688.91
895.90
678.98
736.62
1262.57
1253.52
1114.35
1221.36
1172.08
666.93
1055.83
668.74
733.87
1122.48
977.28
1226.83
383.58
1261.17
611.87
1223.69
452.44
772.00
385.02
1053.87
397.19
1021.25
1245.83
1060.60
1183.26
495.47
693.95
576.06
955.36
605.96
1460.13
865.37
941.87
1017.18
1072.07
334.32
791.38
1152.18
1248.12
732.77
1558.08
1151.27
1151.08
1591.77
1163.28
1108.86
848.49
855.60
712.59
1025.06
730.42
976.39
934.38
957.81
911.85
1021.23
1179.43
865.85
811.45
531.94
514.57
1325.74
931.50
1362.09
1004.06
883.60
706.78
1440.27
842.25
1114.90
1498.70
993.68
850.06
1206.29
1282.39
1264.05
1149.57
882.28
1691.37
1051.48
803.16
1181.83
1001.30
808.30
969.19
1191.78
1137.42
513.32
837.20
1277.79
827.02
1037.62
975.91
1237.37
644.33
1280.40
1007.88
1462.19
1357.11
1101.23
1554.86
896.33
847.70
797.85
618.45
954.00
1233.35
957.57
1114.68
1253.75
1236.37
974.05
1342.86
1263.37
1185.32
1054.39
935.05
753.13
1036.47
1193.31
969.09
1363.49
1116.94
1041.94
831.99
944.38
1413.54
473.14
1172.83
1172.98
1494.77
1105.61
993.44
670.57
957.71
852.88
828.39
1021.18
1153.79
748.39
1356.06
1164.70
341.26
990.28
796.54
911.20
665.48
1177.20
1118.41
1396.50
1575.68
1034.98
1596.85
1073.78
1382.28
509.33
1143.25
1194.44
894.47
838.44
1106.48
1152.93
1216.32
1127.04
1124.68
1297.99
767.90
711.27
1330.21
1127.09
853.23
1104.08
1308.28
1432.42
995.40
1673.97
773.62
925.29
1056.15
1427.59
1077.87
681.26
982.03
809.58
1395.89
1021.47
755.15
965.06
1206.13
935.47
1054.45
1126.70
724.91
1039.25
728.47
1287.75
1511.56
683.17
1130.79
1265.64
1213.68
1033.17
809.81
735.42
885.73
1006.48
725.64
1248.33
1036.49
1162.36
927.80
820.72
933.42
821.46
1179.63
1394.28
658.47
699.23
595.92
1549.44
996.35
1018.02
461.03
542.09
1054.33
1027.94
928.15
1058.51
990.24
524.33
681.85
962.44
834.16
802.58
791.48
1860.28
1358.51
787.71
1300.86
876.16
934.36
649.50
1085.62
771.02
691.50
1167.47
1141.71
878.98
520.99
753.88
1354.15
1140.14
1182.32
1507.19
1377.67
1329.88
1032.44
980.19
346.62
291.55
1328.23
1235.79
1230.83
1457.44
656.13
673.09
1016.86
942.03
986.29
941.33
713.33
1372.95
1420.19
1171.02
1078.48
1089.74
1179.26
620.40
976.16
1165.85
606.04
955.93
639.46
223.27
857.25
981.86
1480.13
946.38
318.54
877.03
1193.01
845.70
1225.25
1204.25
1210.56
1162.81
928.56
1275.17
1480.97
1390.41
1279.17
1249.95
986.15
849.08
1948.87
1134.65
960.86
1152.12
646.39
1396.10
770.88
935.97
786.14
707.70
1170.57
1257.97
834.48
939.59
789.92
1223.68
1414.39
1391.10
1254.30
595.27
885.43
247.69
1111.79
1218.61
415.59
1043.66
1228.78
1200.21
936.96
943.73
781.44
989.50
967.97
1062.40
417.62
807.82
719.17
1072.29
1264.11
624.27
979.89
1141.46
1686.98
717.17
879.20
712.47
1038.19
1050.52
989.70
1175.72
1098.25
955.44
755.74
826.42
762.70
1510.36
1281.71
1361.29
505.90
241.91
1139.91
812.07
1142.09
867.08
176.42
695.79
1649.05
989.34
621.71
877.62
789.42
968.62
1267.17
1432.31
196.46
1187.93
793.32
1315.80
1007.64
1421.53
782.75
1158.75
1264.17
1592.08
732.62
1485.36
948.07
1185.31
1004.97
1098.69
1252.62
1233.87
1191.30
1311.19
1438.62
1008.55
674.83
1360.65
747.71
1020.70
972.47
801.38
1427.71
1347.90
1148.72
887.77
1045.24
794.07
719.05
600.11
1231.44
950.65
581.67
1317.91
1047.78
1126.03
1162.21
1068.27
1320.32
611.76
1206.90
905.71
844.99
756.32
1233.30
793.67
1141.48
1229.09
1043.32
746.75
703.86
548.36
884.31
1497.63
579.66
968.19
1315.69
1285.11
919.33
408.63
893.81
1224.84
716.37
1408.32
1007.39
857.91
862.20
1090.12
932.55
838.93
719.47
852.33
690.63
1253.20
633.31
1298.05
1007.58
1071.82
874.01
1591.99
928.22
920.33
1250.80
929.76
499.14
827.89
916.32
1028.99
1214.21
938.10
1418.16
922.23
381.90
1270.14
847.61
879.70
643.87
1346.17
691.25
1452.22
1118.97
1211.01
913.86
599.89
458.64
1242.19
1111.61
1081.00
1298.76
1470.84
1302.07
801.98
1178.22
1221.48
1390.90
549.88
873.28
871.67
1243.81
545.10
674.09
774.68
1232.84
1606.40
1221.68
779.66
690.00
1302.18
632.07
918.33
1141.25
985.23
991.14
956.39
848.57
1031.43
1137.03
1244.36
944.02
637.29
1111.71
890.35
1032.63
1429.22
1212.99
1206.85
1055.13
598.81
1062.60
330.81
660.93
1148.90
1156.93
904.00
518.43
728.78
946.79
884.73
534.49
1220.82
925.58
1320.16
930.23
473.72
704.41
622.31
1315.09
1220.81
566.00
1500.60
1196.51
1021.32
1004.61
1371.03
1245.48
1005.49
1221.51
803.54
133.62
1027.64
1303.11
934.20
1128.95
947.40
1317.78
933.20
1279.82
1126.02
682.36
1064.40
746.61
1137.65
815.54
688.72
888.45
1053.00
1081.12
1351.64
818.06
1144.99
852.66
1226.79
857.51
865.76
972.30
1355.91
1072.11
730.11
775.95
1058.83
1028.12
523.17
944.81
528.03
1756.30
1141.81
814.01
1015.02
1026.98
653.31
1198.98
949.03
1065.92
1394.34
1262.72
1210.28
1089.78
1188.08
1002.65
815.95
737.42
1101.12
1264.67
934.05
927.01
1331.17
1302.52
732.73
1077.56
571.98
751.09
1465.00
1180.08
1468.96
1065.12
1537.15
550.65
717.64
1137.21
884.42
1156.03
662.61
389.11
1372.41
1167.80
1251.40
874.73
1455.20
986.06
1171.98
898.50
1439.11
1291.26
723.12
970.26
836.27
1273.23
1066.57
1891.87
1756.48
1687.23
1271.27
1134.72
1084.01
609.33
1098.28
1461.07
861.91
788.24
1309.05
1032.56
1005.47
977.84
1172.12
1121.04
585.33
886.60
894.25
875.68
1065.45
975.65
1256.44
1065.75
943.12
1973.64
870.28
748.32
1019.25
1165.15
712.52
463.18
1562.44
846.06
1121.32
936.11
910.30
1384.42
573.11
1219.69
674.66
848.91
1431.04
680.87
983.48
724.12
1323.66
1081.72
936.55
1341.59
1006.94
999.06
485.08
867.02
1132.70
746.88
1586.86
1312.94
743.89
1229.51
1296.64
1342.08
721.78
1255.55
1283.85
711.72
1341.45
535.50
1111.63
596.71
279.38
1106.08
793.09
1078.39
680.70
1130.09
236.83
1038.89
797.82
1200.21
1229.30
1043.90
1202.98
1285.50
986.12
889.32
1099.69
692.67
1042.21
717.35
1044.50
1348.81
709.37
988.71
844.85
844.45
705.03
1185.41
990.62
1002.46
648.12
1160.40
807.40
825.81
1064.59
986.56
801.50
1494.63
657.51
802.52
727.73
852.03
1663.72
1087.08
1308.26
907.45
1323.59
1132.39
1496.05
1520.92
1054.39
1009.08
1940.41
963.53
967.97
501.77
1480.62
410.56
1237.73
749.46
1114.10
1177.15
1247.21
1288.38
758.04
1278.12
720.68
1141.06
821.72
639.21
1088.63
1343.86
975.87
549.79
765.63
1313.74
799.10
720.91
1260.22
1195.15
183.70
1352.53
655.64
543.65
802.19
958.09
1134.75
544.24
419.66
634.23
1502.77
1219.84
1009.33
549.58
165.27
774.63
1173.30
1313.34
1592.12
1283.81
657.26
1018.32
1289.64
1314.36
908.64
206.20
789.18
1265.15
1408.40
495.75
1088.49
898.93
1131.94
1394.73
1014.95
1084.30
1055.25
876.69
1373.93
1243.30
207.27
1025.50
1311.67
1077.38
1216.77
1047.72
1158.77
946.04
1024.95
1049.74
1284.16
1002.12
1221.65
1379.53
978.14
1403.58
918.05
1249.06
1095.29
656.52
882.99
908.51
692.91
851.07
1429.48
1325.46
1269.80
611.22
870.61
585.50
1264.06
561.85
1293.26
549.57
948.37
728.31
947.59
1132.02
933.41
824.60
590.13
839.50
1135.66
1199.48
1736.85
1372.23
969.94
1094.46
750.68
817.90
1187.31
1444.95
569.33
1010.14
931.42
1089.61
882.21
1143.43
1222.78
929.99
863.29
690.80
801.36
582.22
1001.97
759.80
1032.15
866.27
734.51
814.69
1403.10
901.25
1279.24
1237.23
955.11
662.95
978.63
1229.38
1556.62
781.62
1564.07
900.67
761.12
996.83
864.71
872.64
1342.72
983.45
1048.16
1118.16
670.10
1329.21
993.53
695.77
967.78
754.61
447.64
1212.46
839.27
460.87
784.21
858.18
1052.31
854.60
890.08
903.03
855.32
745.87
1357.63
921.39
632.72
1249.75
838.54
1178.01
1132.18
1363.18
1401.61
1178.97
624.21
1223.16
1175.21
926.59
617.99
705.78
1943.66
226.44
1185.43
505.38
411.25
1034.84
1283.72
1218.50
1356.22
405.82
1097.95
1415.30
989.83
1102.80
1156.33
1487.51
1127.88
1259.67
900.02
964.86
1425.77
978.58
1089.82
1862.11
1263.29
743.71
663.77
443.27
257.64
1337.30
780.24
1078.21
580.30
1387.81
989.51
899.31
1013.36
1272.54
572.17
1388.02
783.88
614.15
1564.78
335.59
1189.00
978.44
520.34
1011.57
826.70
1174.93
892.44
807.76
1175.74
1373.31
894.02
679.35
1085.99
1872.47
561.42
752.79
910.76
1192.45
595.02
1349.96
1015.35
1039.78
874.86
491.83
587.03
1112.75
1223.25
940.40
652.05
927.38
766.39
859.74
856.78
652.66
757.16
1298.52
1110.24
1162.23
567.38
1457.79
1184.22
1020.66
957.17
1580.89
1201.39
1042.73
340.77
1192.78
1355.26
1036.13
1099.67
839.96
830.85
1151.08
1143.30
744.61
836.54
1268.09
1055.50
810.82
891.27
1127.08
1332.08
1213.41
936.96
688.60
751.82
1165.40
692.61
1359.63
1149.56
1332.33
1126.65
1260.75
766.41
1179.35
671.03
1210.43
1387.58
644.74
910.89
998.46
1324.79
1339.24
1309.90
1042.79
1350.94
679.26
1297.86
1536.26
1134.08
780.82
847.76
957.74
1181.47
786.22
1166.53
977.57
934.34
319.52
1294.69
1145.27
1170.75
1082.53
835.55
1533.80
1007.70
734.04
1140.04
822.64
686.61
1015.84
1310.69
855.24
1078.93
460.59
1036.87
819.33
851.00
703.33
1123.91
1021.22
1373.97
491.34
430.99
570.32
1335.42
1122.33
1426.54
1107.89
1033.04
1299.10
974.73
363.94
918.14
669.26
947.72
660.43
610.35
660.16
1468.77
1066.45
722.20
868.77
889.06
924.29
890.56
988.55
1233.87
829.15
814.47
1133.18
822.40
417.48
1182.80
1437.11
935.45
662.24
917.63
1187.67
1070.29
902.90
930.54
748.53
1111.24
742.84
1014.82
1188.05
860.01
584.47
398.23
510.59
1341.72
1037.78
1408.36
648.64
902.12
1156.03
720.84
1074.66
662.02
1032.14
1238.29
1444.66
515.89
1137.49
622.62
1331.99
621.53
781.10
1087.82
1433.00
1169.46
292.01
1076.45
863.99
1160.23
881.21
510.69
1275.47
1014.38
1355.74
1423.88
1267.02
973.10
784.72
1191.15
762.35
810.00
1440.33
775.20
1391.08
549.94
841.99
973.28
897.63
1146.95
813.41
1271.81
1687.56
902.15
1246.76
1081.97
987.76
1143.75
1242.32
1249.40
622.03
494.04
1044.32
1077.05
785.92
1036.76
683.93
948.79
382.24
606.59
1323.19
1106.61
835.29
865.11
1090.75
1143.28
1052.20
979.87
907.33
1340.09
1085.74
1358.10
1425.94
1128.33
829.40
1131.13
924.66
932.14
952.81
1138.63
1148.12
1176.21
1523.32
1085.15
514.89
1081.40
1263.19
647.29
959.81
771.55
1116.38
675.32
262.63
1530.59
952.04
737.64
1001.85
1483.96
1064.23
583.42
618.80
905.66
1230.29
1605.59
1052.34
1297.19
618.19
839.74
716.64
1605.09
815.20
851.90
839.67
1156.44
1192.18
981.02
980.24
809.56
1178.71
714.19
1261.11
721.32
1139.33
857.54
1092.97
609.72
1157.51
1088.03
755.60
1183.63
538.57
777.00
1400.94
566.32
702.80
983.94
1004.68
1258.03
1058.84
1151.94
959.84
931.50
927.98
1271.75
1048.76
596.42
1083.90
1274.13
1175.74
1393.74
1110.13
1298.78
1152.71
1276.36
1108.25
824.37
1213.50
749.73
1273.57
878.23
1007.13
650.99
1439.15
931.88
1482.56
1356.50
1405.57
1062.86
806.63
1085.21
1334.23
1055.60
1029.10
1461.06
1194.83
581.54
721.97
844.34
1016.41
848.05
704.43
1739.80
1018.42
1052.28
1123.19
1009.06
1187.58
749.30
1528.74
1218.73
928.87
615.96
944.89
1051.36
917.71
1006.89
633.33
1566.49
620.77
893.30
1497.41
1296.17
1111.10
733.22
1280.67
982.79
1018.19
1019.41
1139.51
912.11
609.38
930.67
687.82
826.76
646.05
531.54
790.64
1261.76
1377.69
1290.46
1274.38
1670.08
729.38
1041.95
833.89
1026.03
667.15
1100.26
1062.56
610.04
1473.92
972.86
974.92
757.52
1777.14
1469.12
1338.02
764.98
1080.65
661.76
626.42
1141.76
1083.22
1285.43
915.14
1208.66
1146.06
987.35
1190.62
950.12
960.20
463.74
1107.61
469.85
1078.10
1141.90
619.76
1151.72
902.95
287.36
845.24
1143.00
1539.34
1394.98
892.89
1228.66
1170.05
715.81
780.43
560.32
1094.77
845.92
554.25
793.58
1563.76
1345.80
765.83
1638.91
847.76
1450.59
508.16
484.03
1017.38
1222.18
587.38
593.66
1471.08
821.81
1467.69
868.76
746.97
1280.38
1309.21
1230.14
1372.26
907.72
1261.67
1204.98
1090.87
1249.70
908.36
709.40
1267.66
1056.89
932.44
1438.66
874.81
494.33
992.16
807.04
890.75
1114.49
466.70
1184.99
1320.69
829.67
891.75
834.38
1066.92
704.69
1500.61
951.48
680.32
1084.24
1276.59
1054.71
1063.44
1007.15
983.95
986.67
570.30
1865.65
984.14
773.53
1339.48
734.72
1397.54
1541.16
356.00
572.68
922.09
564.69
1112.76
707.43
551.37
1101.38
1474.12
1156.26
760.37
870.65
683.76
1095.19
1003.11
1015.15
919.44
631.42
1163.17
1351.08
1166.94
1000.58
1346.01
439.11
1298.87
1279.03
1106.29
1161.98
771.30
822.13
1448.80
782.28
1045.05
1375.38
845.47
903.08
1195.12
1367.46
722.85
1502.11
619.30
1358.55
1631.51
1178.10
1068.68
952.95
1269.07
1124.56
868.75
525.90
904.43
1259.04
615.10
1157.53
784.58
676.16
978.69
1147.13
872.85
1430.85
1463.15
379.56
549.06
782.73
1083.41
1205.96
1203.88
965.57
973.14
1090.58
226.90
1576.85
712.99
887.77
1246.89
1275.91
894.92
1346.64
1335.43
1050.89
888.30
965.67
1018.11
765.37
491.60
1066.95
1309.97
795.89
1242.69
1170.18
1196.61
1468.68
1031.33
1187.12
941.19
864.83
1231.91
1174.33
951.00
1134.69
1478.89
1319.26
1184.77
939.75
1386.07
794.36
642.52
1007.96
695.09
1268.41
796.89
588.53
543.22
387.36
1204.02
1053.48
761.66
1074.49
1187.12
1300.53
1276.61
733.04
1802.49
1226.50
1477.27
949.04
1023.54
1084.92
623.05
1035.29
1159.88
561.06
1367.25
927.22
982.28
644.71
1044.96
558.12
1162.70
1041.72
938.85
888.42
523.67
638.24
815.14
1264.13
1023.18
1065.67
1168.57
843.32
345.11
475.10
1216.21
1474.91
1237.77
904.34
549.79
814.01
451.19
1256.22
1210.92
919.92
333.37
672.92
1006.77
1541.74
926.16
806.10
1088.84
823.36
606.17
1211.96
1163.17
1304.02
1180.49
1162.56
511.16
1355.96
786.26
1085.76
833.28
1273.55
914.39
1085.85
1596.16
909.15
1336.27
783.08
1180.42
758.93
503.39
637.10
817.97
1166.25
1076.14
1154.40
966.97
676.70
1256.87
644.95
1168.74
945.71
1598.92
587.04
691.95
1048.36
1151.10
1226.95
624.80
1204.34
722.22
1064.80
1181.36
910.10
830.05
881.83
960.33
511.50
1033.03
812.63
974.22
421.05
1356.93
871.81
640.83
846.19
1213.50
1423.10
1066.58
1006.47
595.04
883.85
909.25
848.68
1052.64
696.40
770.84
485.63
1007.80
975.70
1385.50
1723.04
409.70
698.69
1049.24
829.11
1362.11
1231.29
594.63
869.79
785.97
583.04
584.22
934.62
1152.24
1269.29
1368.62
957.49
988.89
819.29
1051.00
1216.79
1261.68
1236.75
1673.57
1088.20
1325.00
928.89
805.82
1516.70
956.70
610.12
924.64
958.37
1120.35
1026.66
1394.39
964.87
815.46
1286.58
627.65
612.95
1281.49
1357.89
349.44
1081.02
1644.18
1064.69
1053.68
780.52
1127.36
798.95
955.25
477.15
838.53
1263.90
1324.64
536.70
884.49
1376.81
697.15
1043.08
1222.01
657.39
1210.52
921.47
1082.45
1180.39
484.49
856.14
1117.55
1021.62
764.84
947.45
696.48
555.92
1189.37
896.82
1081.39
894.08
1120.76
648.09
945.73
1098.65
1009.90
897.75
1235.06
1487.47
855.49
933.11
868.28
1087.83
956.35
1686.78
815.81
1337.40
861.47
1233.12
1179.08
1228.16
852.45
722.49
638.45
1085.02
1041.88
1220.26
1199.97
1025.52
594.22
642.86
680.64
1070.44
1249.59
1148.47
1116.87
980.86
1170.72
1134.94
1323.37
637.54
962.01
1124.34
1199.85
1168.85
843.63
970.45
765.06
969.50
1608.05
1518.96
470.45
638.10
782.24
1130.78
1117.31
901.98
741.98
1031.07
1266.53
577.24
680.07
1532.38
1221.74
930.24
1255.73
1579.02
362.35
848.76
1484.78
807.42
729.52
1154.62
881.71
968.92
1072.04
1013.43
1398.33
798.61
900.13
822.19
984.78
1175.02
660.86
1213.58
1257.71
836.88
473.93
386.34
717.96
1388.94
1123.67
997.92
659.18
982.60
556.97
1193.11
1000.19
838.49
1186.73
1016.30
1324.32
987.36
796.23
1370.23
1046.58
973.54
1108.44
1392.45
936.30
1045.66
1131.19
778.40
753.72
570.93
978.47
631.44
1218.98
997.05
1076.85
1036.95
1012.75
698.64
992.95
1190.42
341.25
862.83
1059.36
1549.17
1023.04
708.06
1049.74
1391.06
1507.95
756.15
1345.29
1076.91
918.20
770.17
1155.29
604.00
896.98
320.30
1190.52
1286.99
1584.63
1134.38
1602.10
852.86
1126.82
1009.44
946.08
1175.91
573.73
1285.15
1099.68
670.58
796.65
802.73
1343.47
1239.40
678.25
931.18
1248.77
1131.96
660.63
774.41
1031.70
170.03
1176.84
1330.37
651.69
219.36
728.08
731.06
807.41
884.09
1397.91
1209.48
1116.77
1197.08
860.98
1296.30
935.08
860.98
684.15
696.44
1089.27
1405.24
1245.91
1420.99
1077.56
1485.14
811.18
1237.29
1359.25
599.35
1058.16
1002.50
758.39
693.79
715.85
1078.55
1380.68
995.18
580.79
1167.62
741.46
697.54
940.62
886.92
493.92
1394.18
526.24
852.48
1398.90
915.89
992.64
980.54
1052.32
756.68
794.58
617.47
1228.98
1296.42
1102.62
1040.76
657.59
1059.78
909.36
840.48
1299.17
1046.76
912.63
950.97
888.60
1531.36
1326.60
731.35
673.41
1235.69
917.52
1145.53
1099.75
798.63
1391.18
1141.94
1091.77
1160.97
903.25
677.49
867.15
701.51
840.02
872.56
693.14
1156.63
816.97
1757.30
1070.15
560.46
797.31
806.48
1071.37
653.02
563.66
1097.54
1268.66
779.48
767.53
1215.40
1485.24
1102.26
795.08
860.53
1201.51
1460.43
786.40
1246.40
760.38
890.53
783.36
473.44
1928.58
1357.39
548.56
867.30
1038.08
840.63
1466.50
1216.38
626.70
1269.18
831.70
532.26
1034.49
896.24
1288.71
1333.38
720.55
773.15
786.08
885.71
684.96
1128.63
1238.86
1422.92
957.60
1208.56
719.99
974.96
970.42
1264.01
980.24
980.26
674.33
1429.22
1359.01
947.71
502.44
1213.88
1563.94
964.86
1175.26
1023.20
944.65
1204.31
661.19
1075.84
346.15
1337.77
1367.48
748.22
939.86
1381.57
900.96
939.29
980.27
705.61
649.81
592.01
834.83
1052.12
835.31
834.19
898.67
685.91
954.70
1411.56
1688.83
1509.82
1338.99
820.52
1139.27
719.13
1124.83
1341.85
980.97
1095.71
1579.97
982.15
1129.94
1012.11
1257.34
1528.71
1433.62
1001.07
857.98
1558.42
1057.84
662.15
1066.01
483.18
870.56
1342.49
1163.31
328.64
1749.02
1365.39
1218.23
1313.18
777.53
1121.85
890.63
1002.07
741.51
1094.04
469.61
1100.75
926.12
855.44
1079.77
1248.10
889.14
1031.38
1171.84
1193.93
1397.89
1037.41
1028.68
688.75
1751.47
825.42
752.12
1133.25
301.25
982.65
1542.21
1313.91
319.66
1144.99
1011.89
1128.86
1077.05
1364.54
502.17
1268.65
1260.06
539.04
943.62
688.09
877.16
572.11
600.05
1067.23
1004.22
641.61
999.41
1215.41
1040.67
1282.68
1058.47
1202.77
1038.25
1368.94
1154.93
918.51
1033.82
1061.18
1111.80
1101.88
995.37
930.56
796.70
851.86
683.77
717.95
1017.54
974.79
1219.72
800.16
969.70
411.29
910.30
1067.49
807.65
785.96
713.00
1575.41
839.98
796.76
1271.10
675.57
1161.02
683.24
1309.59
899.16
1165.25
430.16
604.06
1245.97
863.33
498.55
1125.04
893.27
1624.26
1267.25
1067.99
1533.15
833.25
615.26
601.08
1098.65
871.77
1012.14
860.04
1338.71
1298.62
804.19
1079.00
1590.16
817.79
1084.05
455.11
1185.46
915.82
612.10
895.49
645.83
826.00
637.50
891.62
1054.51
940.85
808.48
1563.50
622.31
1546.64
1849.09
857.73
1263.31
938.71
719.20
660.63
1125.61
1077.21
702.53
1248.16
1484.07
1557.04
589.62
1042.56
710.28
660.54
1057.62
792.51
1069.11
758.49
783.40
890.62
1089.78
1104.08
1206.17
895.10
980.73
840.38
1235.19
1130.29
1203.58
1102.92
1117.98
1168.73
546.63
1198.78
601.62
1020.91
1065.71
1497.58
732.65
1166.59
1153.69
1072.22
908.92
1407.48
712.34
910.30
1958.25
1025.34
1117.07
1413.46
755.94
689.80
1157.54
818.21
1089.26
782.86
1147.88
1047.20
1177.13
965.91
547.93
1100.69
790.33
1407.06
396.63
1308.39
933.64
1198.07
951.67
701.74
1326.44
1026.54
1069.74
1000.30
1534.33
1180.54
1301.41
1409.46
1116.90
880.48
839.49
614.87
1396.46
1104.19
910.89
1331.23
1309.26
587.17
1062.79
1136.49
1028.19
330.54
985.69
1338.39
1064.59
1009.44
1234.52
451.40
1027.18
1326.30
924.06
940.16
1558.85
856.87
1087.51
690.30
968.63
1040.63
782.92
882.65
1687.96
592.30
816.50
1012.06
641.58
812.01
769.13
943.10
968.68
1115.42
725.39
898.46
1103.67
1535.69
692.65
998.55
1044.22
1620.45
1003.14
1376.96
1251.61
788.83
1565.53
424.82
874.71
970.58
550.37
1123.80
1004.34
851.18
1083.54
1035.69
817.78
817.75
871.54
791.70
1202.54
1396.68
1099.12
1571.07
1011.99
258.46
929.78
1274.66
713.87
1239.03
598.58
1311.49
1155.97
910.26
1302.96
154.63
770.68
711.71
1143.26
891.85
814.81
1227.66
1266.48
1425.42
924.10
1354.37
1111.63
772.74
1178.76
1151.02
387.67
1368.20
1339.80
1188.95
939.47
1211.87
1103.99
937.56
1249.84
1221.29
1079.32
852.37
636.32
1282.66
834.11
1349.65
1454.76
998.81
755.21
1161.28
1235.45
1111.60
661.16
1311.89
1191.13
1722.35
760.72
854.76
338.94
1243.09
1042.30
865.67
705.59
735.19
889.68
325.15
848.50
1069.32
1389.48
1184.62
1079.54
858.87
1495.13
1959.99
798.35
1189.96
996.71
1541.31
804.18
1764.56
1147.67
795.89
1241.16
1554.25
1189.79
1677.76
921.78
1045.98
1008.48
927.68
364.23
893.20
833.70
1174.84
1433.12
1357.11
1545.61
1120.60
1152.00
894.23
911.15
1292.15
1135.32
1150.55
1190.12
716.16
1144.97
1037.58
1482.42
830.71
1237.06
887.68
1311.33
1089.08
987.86
1026.10
879.93
1279.43
1292.67
990.49
951.54
866.76
941.02
926.02
440.45
1050.51
645.69
967.96
831.66
1317.79
1210.04
645.64
743.88
744.64
997.37
970.38
1383.27
1329.09
885.52
1348.54
1426.85
969.96
445.50
1068.39
981.78
711.56
1669.91
607.46
1176.63
1658.68
841.30
1156.63
521.05
825.28
694.34
944.28
871.70
1380.72
682.76
818.54
1036.23
1523.46
1093.01
877.47
780.16
1327.02
591.80
1696.10
1273.92
1089.68
864.04
1106.64
1332.42
1061.14
1340.82
822.72
1134.22
951.91
1260.09
1296.97
760.67
1100.24
920.25
1234.51
1805.18
414.31
829.96
891.38
1516.15
1170.38
1111.70
346.49
1335.93
503.14
1269.39
1395.36
568.31
221.88
1036.46
1305.97
939.36
809.59
898.11
1272.47
497.57
953.12
1064.64
971.79
1092.27
510.50
1294.25
779.00
955.75
765.60
1342.57
701.23
877.65
1128.33
1372.83
1225.88
2131.90
1797.59
1050.82
1118.83
1558.70
628.71
1175.19
1018.72
678.92
1118.49
1218.30
1172.97
1510.33
534.69
1153.54
1068.60
741.59
914.73
1265.61
898.49
1301.47
842.80
1140.06
954.75
1456.86
854.18
263.58
737.82
1249.96
1223.16
846.57
920.89
773.48
1255.40
1285.39
1043.99
379.10
1200.59
966.59
1203.62
895.81
603.33
1350.78
997.87
822.44
455.93
1230.38
909.22
551.68
1393.12
1124.79
1073.92
1157.44
831.42
986.37
625.50
841.77
1143.96
1055.38
1208.66
1152.46
597.27
1265.48
995.55
1029.70
901.69
1422.78
864.74
1328.44
1033.60
807.51
560.23
822.27
1315.94
1001.79
1360.55
1285.29
1309.85
687.00
1239.02
882.08
819.45
503.72
1506.89
1026.58
1333.53
1286.12
714.47
1172.88
859.30
1106.65
1190.42
971.30
284.74
1289.42
1052.28
770.86
605.85
830.11
842.59
779.66
1261.64
852.44
1189.03
1071.40
1112.91
611.21
785.36
1286.16
1475.75
1774.54
1336.33
1069.00
985.58
979.45
1077.08
939.35
844.22
748.79
799.76
789.11
1091.06
1176.36
846.11
979.09
905.84
494.56
1233.97
853.98
1433.15
817.07
743.01
1030.24
688.42
1328.23
863.02
1003.44
1197.85
799.72
1544.27
980.92
663.64
973.74
462.79
841.33
1588.82
868.40
464.62
952.88
1244.80
1554.93
1057.54
824.18
993.41
1075.62
1240.05
1121.84
530.59
1338.16
1078.90
1281.08
1450.67
1225.87
714.25
1053.44
1188.29
498.51
705.36
951.62
1161.52
375.04
1099.90
1052.99
770.81
1428.45
1652.43
905.30
1162.95
1467.99
661.07
745.23
889.36
965.94
750.33
886.50
777.66
822.73
801.86
1575.30
1294.21
847.02
785.53
1081.12
884.58
1049.33
1113.31
1251.87
455.40
1449.21
677.61
1327.44
1141.30
964.73
1210.15
699.32
846.22
1067.35
726.05
392.74
941.84
785.15
1412.12
1386.67
1109.89
1315.84
830.56
1196.62
735.85
1262.80
1217.70
645.70
1232.77
1520.52
963.98
1317.66
662.16
1543.23
454.54
1009.02
613.67
1071.83
1304.77
436.66
1062.18
1376.35
1086.16
1467.37
1431.02
1053.48
1135.29
1062.08
1366.87
456.82
944.75
1291.10
880.65
1281.08
1338.33
478.64
1033.37
1028.69
1036.30
952.29
1014.16
1274.53
819.12
1094.11
1574.25
1002.07
855.55
1350.74
832.52
1081.70
1389.00
648.25
1554.10
770.61
1012.94
1131.12
384.60
1052.43
862.34
723.78
649.56
1389.99
817.64
1500.27
1031.81
905.77
1105.26
1571.22
1308.67
1454.62
1038.68
1222.61
1072.23
2165.51
1037.90
1211.99
1068.27
622.84
910.46
1627.41
717.74
880.37
983.89
875.31
1448.84
894.20
1127.50
1012.12
1290.34
896.35
1617.61
975.12
686.31
759.45
627.69
609.74
1526.53
884.48
1037.73
918.38
1322.85
661.00
650.32
1261.57
949.85
1153.26
598.38
1056.55
810.29
1030.05
903.44
1281.13
1468.08
765.83
1188.96
698.11
730.42
1587.54
-18.33
625.82
772.04
1408.16
1537.85
1738.82
996.58
523.33
1253.11
709.60
908.49
1278.24
900.68
762.73
1272.65
1052.77
1144.04
969.72
733.26
1017.42
1389.74
914.72
1181.80
532.88
1130.19
1133.04
986.61
1270.85
811.54
1197.51
519.08
464.62
657.86
782.64
1169.06
1377.49
1126.38
790.24
1198.36
620.25
963.15
508.41
895.11
1227.02
957.24
1569.06
1151.35
1008.80
1359.46
736.00
1196.16
929.15
949.43
976.87
881.51
653.20
1117.63
1373.54
867.54
820.26
424.02
849.30
1157.35
994.95
642.93
1529.73
738.20
873.16
887.60
553.05
1026.96
886.71
926.65
1309.42
541.16
1321.58
923.32
1050.18
825.01
1284.06
1017.33
1061.14
736.55
690.95
569.51
924.68
893.85
1397.19
1196.36
429.52
803.51
1281.68
1067.27
999.18
1441.09
380.42
1073.37
1026.09
1036.84
1077.70
1037.20
1266.88
745.54
1169.05
883.04
1253.18
1223.85
1561.03
1634.77
1514.92
1547.36
1390.10
1271.66
1200.94
918.64
481.11
748.37
1351.32
959.32
1144.45
740.43
458.61
261.35
729.30
582.62
688.42
1286.85
971.60
1338.49
1192.91
911.08
1506.22
780.94
338.62
924.93
1449.54
1065.55
1082.20
1212.00
1017.88
592.86
1549.88
1159.30
930.14
1593.76
1022.26
825.37
914.68
614.35
938.03
656.60
1048.82
655.30
1032.05
233.00
622.58
1439.29
659.34
1472.06
734.62
1267.40
895.51
1115.65
1236.20
1435.42
1276.07
936.63
714.65
904.79
882.21
1172.30
1278.13
1204.56
1094.72
1267.51
829.16
930.53
1166.20
483.50
695.64
1593.88
1151.17
857.49
1274.30
845.51
672.29
528.57
1277.26
403.33
1186.50
1166.50
1552.70
793.41
1118.68
1380.58
1297.03
614.91
1073.20
675.26
915.46
1500.39
742.67
1204.14
966.45
945.42
615.69
677.18
865.01
942.06
1056.16
724.08
535.50
568.26
898.30
650.25
823.02
766.36
744.59
338.45
1187.11
1212.16
673.59
1397.78
856.97
838.58
1058.51
517.44
532.73
323.20
1002.69
1057.87
870.37
426.08
781.28
296.87
970.12
941.71
1078.33
918.30
1404.37
1040.28
1186.88
695.65
561.23
1007.94
1616.96
1098.51
1140.50
1432.81
1228.34
1115.20
1564.46
842.42
764.69
622.21
1009.17
1024.92
1009.20
1257.77
877.86
1173.39
1097.90
787.30
1256.22
1354.62
856.03
1206.87
1232.37
1119.49
986.91
1226.82
871.41
717.07
1000.37
704.44
893.76
843.95
908.07
1238.75
784.58
989.20
